class,GLCM_pan,Mean_Green,Mean_Red,Mean_NIR,SD_pan,SSE
n,109.8285714,183.7,82.95,251.75,16.0794123,1687.5895694583119
n,130.2844828,212.637931,96.89655172,482.3965517,21.21029549,531.5301209514805
n,131.3865546,185.4666667,85.46666667,419.6666667,13.33999833,556.4640684806445
n,141.345098,180.875,81.5,348.0625,18.21357667,456.0732305869141
w,121.3834081,218.3571429,112.0178571,426.6071429,19.08319594,1168.623120292393
n,122.7575758,205.96,86.76,407.68,17.82357989,102.71504070160239
w,124.0102041,215.5945946,117.027027,477.2972973,24.57462807,901.9150942000723
w,125.6084071,209.6491228,121.2280702,443.2807018,25.75731376,1049.634822996938
n,107.7458333,204.1333333,83.46666667,479.8666667,22.95696457,964.6339929283351
n,140.2039216,188.59375,84.4375,457.25,30.19375906,597.96465467069
n,122.7924528,199.7407407,108.4814815,384.7407407,23.01890587,842.8691070345975
n,117.427907,191.1851852,86.55555556,429.7037037,24.76556749,766.6334767588876
n,130.9663568,256.3521127,166.6830986,506.9647887,18.46224239,1360.5338865093752
n,132.6788212,259.1269841,170.3412698,519.9126984,23.55045831,2093.0245571440605
n,132.6788212,259.1269841,170.3412698,519.9126984,23.55045831,2093.0245571440605
n,133.7529762,179.7142857,85.23809524,387.8095238,19.73222097,870.8058995385126
w,116.9489529,214.5625,127.75,390.2083333,23.07050636,1997.0002203642994
w,116.9489529,214.5625,127.75,390.2083333,23.07050636,1997.0002203642994
n,136.4417989,214.0416667,115.25,579.4166667,17.01041348,901.4711038104741
w,125.0748032,254.8125,147.5,388.25,20.22442444,1588.588151177346
n,144.1078067,186.9411765,77.35294118,468.4117647,20.46839069,998.5289570064094
w,121.0942029,219.4230769,122.4230769,536,30.7144705,1091.9022151591614
n,136.5666667,196.3888889,86.66666667,364.6666667,24.78437879,347.27303856239195
n,115.8912281,220.3333333,103.4722222,588.3611111,25.09148385,331.63250482946313
w,132.5069444,206.3703704,109.2592593,532.962963,28.78142405,735.0800786775637
n,121.0646688,189.125,92.575,289.975,14.14204724,182.40175743314492
w,138.3922652,200.2352941,103.2941176,431.4117647,22.16531159,905.105808955808
n,124.08,219.1590909,98.25,638.0681818,22.00022305,229.07122154322596
n,139.5067485,231.1568627,105.8235294,780.7843137,27.49605543,443.02204848914323
n,99.15972222,241.2222222,116.7777778,644.2222222,34.62818377,1059.8737798135846
n,142.8863636,196,86,408,23.26562392,258.9849059247752
n,115.4145861,248.3854167,119.71875,695.1666667,16.55538041,1006.4443576832566
n,126.4508929,170.7142857,70.21428571,251.9285714,27.89448047,1884.7510710076763
n,116.1842105,185.28,77.58,414.18,37.86887376,804.8118335685792
n,127.3010417,202.5666667,112.2333333,390.6,19.31449513,766.9903998704289
w,131.2553846,188.8433735,95.21686747,246.4578313,12.9995701,1578.0214585408416
n,120.9151786,194.2857143,86,364.8571429,28.25440186,395.1031885338298
n,132.0470325,173.0877193,72.15789474,230.3684211,10.49943937,869.4371261599847
n,113.4296482,178.52,78.96,209.48,8.50449293,438.7555327285204
w,139.4305556,200.5555556,111.1111111,484.2222222,24.51303508,997.3044263914317
w,126.8205128,203.244898,107.1020408,435.4081633,19.46005852,852.2995877145527
w,128.1207658,196.3023256,111.3953488,345.1860465,17.70196751,555.9297998414712
n,141.8242188,220.875,101.8125,784.5,36.68696763,1143.5336576257832
n,131.6105442,208.7567568,93.91891892,596.4054054,27.19832204,214.32993682508663
n,132.0265096,244.0697674,123.2325581,703.9302326,23.60163803,663.0707726103822
n,138.5376176,204.225,103.675,343.4,27.87372194,444.58280835483157
w,131.8457944,184.9705882,91.42647059,307.3235294,15.18652768,511.6221424801267
n,136.7425432,190.6875,81.85,338.6,19.53598843,231.47025227504747
n,113.2250923,213.2352941,106.2941176,501.3529412,16.60283046,506.14568346884096
w,119.6692913,200.5,104,328.25,14.75211849,789.2182240685488
n,116.0950783,185.0535714,81.05357143,344.625,19.46463794,361.58300178779666
w,130.5940594,188.8421053,99.73684211,314,15.05403472,997.503597811766
w,130.3398414,211,110.815534,616.9805825,22.95875313,432.3624425440793
w,112.8675497,207.3684211,117.8947368,544.1578947,24.35995078,819.955494083646
n,129.10625,171.1,66.6,225.2,19.1039263,907.4765316896415
n,134.9041667,212.4666667,92.4,633.2666667,30.30174179,659.733792738173
n,115.4009662,205.8846154,89.57692308,397.5,22.93833385,269.4838287445026
n,113.96521,216.4797297,100.2567568,507.0945946,25.83007188,247.3822513130197
w,131.140625,206.6875,107.0625,561.1875,29.75498908,217.7250572510502
n,139.0142857,183.2727273,78.77272727,365.5909091,15.50159949,717.6348011030693
w,113.9635417,195.0555556,106.5833333,303.7222222,24.09158195,1109.7651551572
n,122.7918437,192.2702703,78.75675676,314.2702703,19.13395648,825.5167090595658
w,136.1621622,189.5714286,99.57142857,331.5714286,15.59042092,535.1863099459072
w,118.1553229,176.8611111,87.55555556,262.0833333,21.75301526,953.5850494061751
w,132.325,203.6,120.68,378.32,24.0028665,1753.2996844969148
n,142.8647059,185.3125,77.5625,363.75,16.21908116,716.2389926529062
n,112.67621,226.6195652,103.2608696,857.9130435,29.83076082,1864.976459019895
w,128.6824324,222.3928571,131.0714286,448.0714286,24.36143657,945.2918581670247
n,137.8736842,180.8333333,75.0625,369.75,21.95330232,970.9621314645564
n,108.1344538,199.3333333,107.0666667,253,20.50907658,2259.9076310140126
n,129.24375,189.75,80.3,268.1,25.52307779,419.3152447964387
w,117.8786765,175.5294118,83.88235294,188.2941176,17.01576716,699.1606885442585
n,136.9319853,174.6470588,75.79411765,268.2352941,13.46789082,725.0922650826221
n,144.0801394,200.4444444,87.77777778,441.3888889,23.02387381,677.558412824547
w,119.4798206,191.9285714,105.7380952,331.952381,22.49178484,665.3259360440961
n,132.9343066,218.9534884,96.41860465,677.6046512,22.5968979,260.91609560695906
n,114.50625,219.6,96.7,910.8,20.97832214,2112.934721611583
n,136.866242,223.8983051,101.6779661,711.1186441,22.41252266,500.38335765039074
w,136.3557692,221.1538462,117,672.1538462,16.63104675,446.8207966261008
n,125.828125,211.125,94.6875,508.1875,14.85713213,135.9151537626267
w,133.4033784,183.3870968,94.92473118,292.6021505,18.9325436,211.74852789774343
w,121.546875,178.5,82.5,374.5,20.0869205,1110.613741289821
n,129.58413,168.4242424,72.57575758,184.9090909,11.08984305,1054.2111950496012
w,132.0631579,188.6666667,97.2,262.8,12.13095215,810.9918351205835
n,118.1464738,176.3714286,79.92857143,219.2571429,14.6531671,418.2325889244477
w,124.6289474,189.4166667,99.04166667,347.3333333,24.65339592,185.35443361037446
w,118.1692825,238.625,156.875,529.4107143,19.6485706,1804.5094900575505
w,123.2474645,202.2741935,110.483871,460.2258065,18.71215223,368.0997031317253
n,121.6354167,186,83.83333333,482.3333333,15.12631996,1190.238180788495
w,135.1648936,203.8055556,114.6388889,391.1111111,12.83402475,1016.5735453458834
w,129.9245283,214.1,124.1,452.6333333,14.29778538,1123.863217533085
n,113.8019324,202.6923077,91.07692308,577.2307692,37.29016242,944.8293655059549
w,138.3977273,210.9090909,114.3636364,637.5454545,24.68432935,569.0442291514496
n,111.8917749,227.0689655,105.5862069,602.3448276,20.10442418,370.1479303541727
n,109.8671329,208.5555556,94.38888889,716.0555556,26.68292329,1286.5664667175554
n,127.2515723,209.15,92.975,496.425,18.74939999,274.3767621516088
w,129.8480204,204.122449,110.6938776,418.244898,23.12530378,578.1901105035726
n,113.6688103,206.6153846,97.76923077,687.3076923,32.38612782,856.9482031461985
n,122.282967,195.826087,85,442.6521739,29.58547899,601.5243745093194
n,120.9621212,225.7931034,99.98275862,731.0517241,23.09945925,282.2846757763044
w,131.2760417,192.75,98.41666667,431.8333333,20.13909962,805.0626647992241
n,133.7542614,198.6931818,86.14772727,549.0681818,29.50805325,492.3664672348379
n,137.334127,187.2531646,75.55696203,299.4810127,17.52136517,288.31231825079925
n,118.7304786,171.8,74.2,231.6,13.60505788,1039.7026389542123
w,127,179.4,82.6,245.88,13.4339272,1501.213871321829
n,141.5606695,178.0333333,72.6,227.8,18.80806565,760.7690829378973
w,118.7477273,199.3928571,121.8928571,425.7857143,22.47614949,1482.0691997231318
w,135.1086538,232.1538462,137.5230769,545.7230769,24.53084521,1113.8452785137915
w,116.628692,232.3333333,149.6,530.6333333,22.20532969,1766.967644866457
w,126.7958057,204.4561404,110.4912281,370.2982456,16.44017855,1087.0211371622736
n,126.7063037,194.5227273,95.11363636,337.1136364,10.86056918,297.01915683054267
w,107.0446429,212.4761905,125.3809524,464.7619048,21.26253132,1527.944047100287
w,131.2481203,209.72,143.64,410.16,15.3123349,1565.539261954778
w,122.3734043,207.9491525,117.2711864,532.8474576,26.87721985,993.8553350856201
w,124.0222222,205.4318182,135.1022727,411.2954545,16.42098536,1737.2283331793253
w,128.8066915,183.8823529,96.17647059,369.5882353,16.43883494,711.6302752233142
w,140.6702586,197.2068966,116.9310345,361.6206897,15.92282219,1176.8019179723292
w,132.186551,205.2413793,114.6551724,491.5172414,17.21266575,896.845445102316
w,124.2834646,210.75,124.5,556.25,18.38806933,823.2186151907927
w,126.4571226,207.5955056,110.4606742,446.1235955,23.71210889,483.09613067901626
w,132.7681564,201.3777778,110.0222222,483.7555556,22.67411642,843.670907763523
w,135.6746231,188.98,101.98,329.99,17.85854137,626.4280590418031
w,130.3920455,220.6060606,114.7575758,610.1212121,25.92990481,274.0053985414382
n,118.2348485,159.2,70.88,224.44,16.6997006,1400.026931520123
n,129.2234043,226.7457627,102.6949153,674.5084746,26.14331922,47.804626279383314
n,125.9456067,173.5333333,79.13333333,386.3333333,12.33135119,1415.1272119706628
n,123.2146597,176.6666667,82.5,280.3333333,14.86303207,279.5872835725272
n,126.0198864,186.1818182,79.90909091,359.5909091,16.30165027,349.8948789421603
n,133.7270115,176.3181818,77,276.1363636,13.21031403,392.50453908513987
w,126.8116279,190.5555556,100.8518519,307.0740741,18.02535937,704.4602159853805
n,101.0346821,190.0909091,80.81818182,319.3636364,23.77303146,1693.8643670753622
n,128.9846678,208.5945946,96.51351351,715.3243243,18.38739842,1040.9220697706662
n,115.6785714,186.1428571,76.42857143,351.5714286,30.35840334,501.73543920314535
w,120.9812109,216.5,121.6666667,656.8666667,25.89328527,684.9285563687147
n,143.4582245,191.9166667,79.77083333,353.9166667,18.09230768,357.5201967508547
n,115.6571429,203.7272727,84.31818182,551.9545455,21.99929563,464.52362337934017
w,132.6560748,160.0294118,73.41176471,279,12.24296281,1114.11029100648
w,125.5356522,193.2876712,112.3287671,339.8219178,15.30558189,704.9667250120143
w,128.393617,211.4666667,119.3666667,530.8333333,12.2122434,1173.6361456105378
w,115.5427975,205.2333333,124.1333333,408.0333333,15.10294305,1418.9359567148751
w,126.3706177,212.5789474,127.9473684,546.3157895,18.98118328,1083.2735802881314
n,127.0167526,207.244898,97.67346939,420.5918367,16.11818595,357.77854896565134
n,114.7521008,186.8666667,81.86666667,518.3333333,20.55834516,973.7805084987939
n,123.0756303,204,88,449,10.19716736,442.216049885168
n,125.101833,181.2258065,76.64516129,321.7419355,21.77856587,1069.5262898407032
n,141.2159468,178.3421053,78.42105263,309.8157895,18.32229165,814.6730504581109
w,113.6473214,222.4285714,149.8571429,530.7142857,34.42093869,2340.45827711979
n,106.359375,198.8333333,89.16666667,609.3333333,16.68498993,1196.2062630911762
w,137.6432039,204.9230769,111.0769231,512.9230769,21.0960399,427.54455859124715
n,140.2080645,197.7179487,81.41025641,535.8717949,25.72930955,1125.464280716566
n,122.2115978,210.254902,93.30392157,439.7058824,24.00887515,494.20903845239
w,120.3958042,226.6333333,126.6,659.5888889,22.56439072,799.7125668985971
w,132.9739264,195.5853659,113.6585366,392.8780488,22.42210391,795.4407360237904
n,110.8072917,188.6666667,77.5,446.5,18.705874,1199.6125847995513
n,135.0933504,211.8571429,91.44897959,527.755102,28.68770799,365.82343117002586
w,121.1986947,197.4712644,118.0229885,351.5747126,15.52560013,992.5851617043655
n,133.6180582,160.9821958,66.87833828,156.9139466,8.763332235,3675.4775902970478
n,118.9774011,189.1641791,82.62686567,330.9850746,20.03834595,475.85172619905546
n,138.5756458,188.3088235,78.92647059,292.8676471,16.81463154,139.9081944304848
n,119.561939,189.7285714,79.5,392.8428571,30.27374764,540.2614287165288
n,133.6192661,172,68.14285714,239.1428571,8.705206043,1510.2263967202434
n,124.5267309,188.0277778,97.22222222,356.2916667,17.16091238,257.4017251372289
w,134.7539185,195.425,103.55,450.375,18.68361582,402.26731648359424
w,120.982699,209.5616438,121.4383562,461.9726027,19.34086493,853.3778830328833
w,116.5738636,226.7878788,143.9393939,582,30.48298085,909.7558761703224
n,117.0631313,183.84,87.16,410.08,20.41826633,451.98720280482394
n,137.6919643,213,94.07142857,493.6190476,38.11213911,569.2256889560624
w,113.7688442,181.44,100.12,271.84,13.88028818,847.9155633354413
n,117.1019523,196.3448276,88.55172414,373.5862069,17.90608344,809.8106938461566
n,112.9480874,217.9565217,95.13043478,564.8695652,22.70023275,310.1639779307822
n,123.2102273,184.75,80.20454545,490.3181818,28.38550839,1341.1506655685425
n,134.6104167,208.9666667,97.56666667,756.7666667,24.66162111,1598.4345179977392
n,131.3117831,160.0107527,68.02688172,174.1021505,8.570951487,2214.2565826909004
n,120.8501281,172.7702703,70.0472973,240.6756757,13.77809236,1578.7885912007164
n,129.1451613,194.2571429,80.08571429,382.0857143,15.1000473,815.1141563094768
w,121.8731778,178.627907,88.90697674,294.7906977,12.32733643,316.67977161873927
w,146.2617188,206.34375,109.375,536.03125,15.97348878,1085.3326278417653
w,121.2910053,210.8333333,117,661.6666667,19.36258563,844.9706361553248
n,138.3596838,190.4375,101.3125,426.125,20.48770592,739.1667087090821
w,125.35625,206.4,115,439.6,11.67946917,1068.9562435953255
n,129.6364847,200.1702128,104.4468085,419.7234043,25.53952014,389.11368070269214
n,130.6008065,192.5238095,84.66666667,346.2063492,18.74454653,45.51190843926737
n,129.4633286,203.5168539,88.95505618,341.4494382,17.43295994,117.38643946479438
n,125.3576288,169.7076923,69.67692308,223.0153846,21.03398209,828.603688010829
n,111.625,186.5,75,281.75,19.98015509,451.0720234721389
w,114.5436047,207.9069767,134.627907,437.5813953,28.37009143,1628.2229707074036
n,119.407767,186.9230769,74.23076923,274.2307692,27.07539331,446.81087173522513
n,117.828125,202.5,86.5,409,11.29988938,286.0033843475731
w,133.7398374,207.6129032,127,495.9354839,13.00212101,1469.2485656846818
w,114.8968254,202.625,97.75,505.125,20.79926381,280.9263508458369
w,132.7389079,188.3513514,101.5405405,456.3513514,16.81141913,509.29035670433626
w,146.2931034,204.2727273,119.0909091,433.2727273,10.67243301,1872.837807412759
w,138.7069182,201.72,105.68,426.8,19.24681792,789.6189846969929
n,142.2473684,197.25,97.25,433.25,11.71418893,1127.0100103224418
w,124.2546053,222.8795812,122.2356021,567.8586387,21.2399027,722.6141162573078
w,138.0486486,216.5142857,112.4,533.9428571,28.63740953,829.946213525233
w,135.7036424,223.4473684,118.3684211,610.2368421,24.7107365,458.97977294825824
w,125.6485849,201.3018868,103.1132075,590.1886792,23.6300097,498.3709263157378
w,125.6485849,201.3018868,103.1132075,590.1886792,23.6300097,498.3709263157378
w,129.7415094,209.8208955,118.1492537,467.1044776,18.91673139,664.3305258486039
w,130.1073201,209.1176471,113.8627451,530.5490196,20.01553606,779.5660708972994
w,115.8205282,221.3714286,146.2,497.6571429,15.18938644,1082.4367864970393
n,114,207.7428571,99.14285714,599.1142857,26.90882565,352.2962517743364
w,123.0129241,191.3333333,105.7948718,439.2307692,15.38376066,975.0500576267731
n,137.384106,215.9210526,97.21052632,439.3684211,17.36525091,659.3779917681009
w,124.0708915,200.7288136,119.3559322,389.3898305,17.66383074,1205.169025303652
w,129.221374,206.8536585,116.8536585,483.6829268,21.8256844,1062.1615057317476
n,124.359322,201.6216216,86.91891892,575.7837838,20.82210995,726.3440998808107
n,128.7908082,233.0506329,102.443038,734.2911392,25.60757304,204.89475013258587
n,132.8122218,193.7225806,82.62580645,342.2516129,18.59430501,100.86320375845081
w,116.3685377,217.0823529,124.6352941,480.2470588,22.01677247,1416.2270813777868
w,141.784375,196.8,115.65,390.35,20.50725481,1127.0720591280312
n,146.4285714,192.5,88,593.5714286,28.3283409,1328.745491619649
w,122.7978339,202.3428571,132.4857143,322.2857143,15.8353776,2716.6535117652015
w,125.4544583,187.2575758,91.87878788,239.7575758,14.63444997,1073.2354672873857
n,87.58730159,186.25,84,360,14.84082208,2019.8116602597613
n,123.2323944,190.3611111,91.36111111,289.1944444,19.93531205,108.32347197086395
n,116.7165354,190.875,83.3125,376.875,24.85929152,1043.8379816645001
n,127.5331325,203.4761905,86.95238095,470.6190476,23.62672686,172.95967274032665
n,106.837963,193.6666667,83.2962963,512.3703704,34.45913665,906.984687332887
n,145.6519208,191.9814815,83.42592593,425.7037037,23.55864905,799.5095770101467
w,150.0958333,224,136.4666667,529.4666667,14.09428568,2511.402828861097
w,116.4904014,229.9166667,153.2777778,525.8611111,27.46389324,1681.3443944040805
w,142.3697917,224.8333333,121.3333333,695.75,24.07396011,844.298884712627
n,128.7094499,197.2666667,88.84444444,483.3777778,29.67349901,670.3144214613229
w,129.681883,197.6818182,120.6136364,420.0227273,18.9515885,1155.1405736737572
w,132.4672657,216.755102,118.4489796,584.4693878,22.55926528,655.469296941222
w,130.3378871,210.2898551,130.6956522,488.942029,21.31990953,1600.985913902353
w,119.3576923,215.5714286,128.3673469,476.6326531,14.33103598,1659.7739147424466
w,130.7209302,211.7777778,115.5555556,499.5925926,28.37713873,568.9627144981794
n,120.1788909,219.2,96.25714286,492.4285714,20.62940738,498.58810763253746
n,130.5708661,207.3125,91.75,443.75,10.34936592,507.5635267304203
n,130.7885375,175.9375,73.3125,285.375,15.62449999,318.0780616251118
n,136.8984375,188.5,84,429.75,39.90452473,1069.7611275326813
n,121.1797753,180.4705882,86.76470588,292.3529412,11.667577,248.8632329257237
w,137.9975,236.4,127.52,673,29.05762551,729.039532940176
w,139.8922156,229.8571429,139,515.3809524,31.6096515,1042.821854052973
n,93.94791667,184.1666667,81,462,25.32730191,1952.4125945394555
n,147.0261194,175.0882353,76.94117647,244.0294118,9.242597337,1791.2498348374259
w,132.9487952,212.5238095,133.7857143,469.2142857,17.37377543,1747.6495801044948
w,119.9807692,215.1538462,145.3846154,493.4615385,14.78709857,1405.9453298622457
w,150.1810345,225,145.6818182,540.5,13.90767967,2564.1300998754614
w,128.2911184,232.9736842,129,558.7631579,18.24936913,451.2271971962355
n,120.34375,196,84,385,32.67856926,662.4710700209117
n,129.6281994,174.7042254,73.33098592,239.5704225,13.46486424,1276.3806207137075
n,131.3755507,187.3684211,76.92982456,364.0175439,24.13099064,478.2325130255473
n,132.6484594,168,76.26666667,220.0666667,16.20510512,590.4766554596736
w,122.03125,176.25,85.25,335,14.43952908,685.675922931998
w,119.3797468,195.6857143,109.8571429,411.2285714,14.16503312,614.7267135345669
w,127.4698355,182.2173913,88.01449275,254.2898551,15.52526381,1160.8574072335637
n,123.5149343,221.7238095,103.7142857,736.4380952,27.49588961,441.66356567788733
w,136.797066,210.3461538,121.4230769,513.6153846,11.95980695,992.6553337860155
w,122.2983784,213.5517241,127.1206897,527.2586207,22.9267367,1327.3660817637995
n,104.3125,202,93,413,18.58015668,651.8166119984504
w,121.05,224.3148148,144.0740741,465.0555556,21.07281289,1721.6391663492568
w,133.5325385,192.8031496,110.2834646,349.8346457,21.06601347,516.7920079429093
n,119.1328125,196.90625,87.90625,442.875,39.36357721,761.875014142929
n,144.1261261,239,132,567,15.77391285,587.8617881328524
n,128.8403361,170.9333333,71.66666667,287,23.55381545,536.5150028912851
w,109.9663866,194.6,99.53333333,361.4,23.74718697,665.7608456869013
n,101.575,208.8,95.2,513.2,31.08311439,681.2742111535157
w,117.5590278,225.2222222,123,541.3888889,28.12472222,1060.9286866406476
w,122.537799,221.3787879,136.7121212,456.4393939,17.55835737,1507.19173729826
n,139.9740854,221.1219512,101.7073171,624.6097561,37.42081864,667.4775684113324
n,105.4791667,339.6666667,206,609.3333333,41.34811564,2692.8195708437415
n,125.0632008,211.2903226,98.64516129,453.4032258,13.29898129,244.891749445368
n,112.8823529,194,80,391.6666667,16.19821664,661.9086247259448
n,129.3402778,183.6666667,72.33333333,356.6666667,29.20806586,543.9736303205301
w,122.006993,239,139.7777778,542.1666667,23.84673283,1060.9695677018528
w,125.8109339,195.5357143,102.6785714,361.3214286,15.27014394,436.9035122350972
w,137.2228916,216.8269231,124.4423077,458.8461538,28.77054193,1089.1002518952027
w,127.9921875,199.75,102.75,566.75,36.8593187,489.50568861955094
w,114.2310231,221.6578947,132.0526316,563.8947368,36.53340596,1035.0869459369128
w,130.5623836,216.3235294,124.6764706,566.6470588,16.8644094,964.2253581090171
n,138.3340564,166.9310345,67.10344828,317.5172414,14.91473985,1826.0716941365872
w,130.3864307,185.8139535,96.39534884,277.2790698,22.65257147,288.3143453293401
n,122.25,167.5384615,77.92307692,272.9230769,18.81331519,793.0507316595504
w,138.6723301,207.7307692,114.9230769,537.2307692,27.57646711,839.5425464586442
w,131.7955626,211.45,111.45,598.5,31.4721206,238.51488714146694
w,114.885,216.76,132.72,567.72,29.51869916,1149.7543642018297
n,134.309816,198.7804878,91.65853659,352.0243902,20.94345238,63.82700675577169
n,117.8881579,177.1578947,74.94736842,340.3684211,35.7076464,912.1362368288218
w,128.2168675,179,87.28571429,257.4285714,14.92353906,1020.9664963999151
n,140.9606414,213.5581395,108.6046512,620.5116279,21.70349382,648.1915509181661
n,128.6953125,197.1875,86.1875,608.4375,20.65755007,808.4079018555474
n,117.1502732,179.2608696,85.52173913,303.0434783,24.12099306,569.064597398548
n,126.282154,185.4125874,87.00699301,283.041958,11.65932042,105.3012030991247
w,117.0537975,189.95,102.7,328.6,27.35191949,788.4870486923662
n,133.1768813,198.691358,92.03703704,244.617284,20.49990985,1558.4281689934812
n,132.70916,172.4379085,69.73856209,144.875817,5.772400124,4528.661595020923
w,127.5291925,249.019802,157.7227723,609.970297,17.05466166,2391.5287490801475
w,121.4879808,226.6153846,138.8846154,470.9230769,23.96508802,1180.6232029557507
w,123.588685,236.5121951,144.4878049,675.2439024,20.62070715,1613.5809003432985
w,118.622449,229.5405405,131.027027,485.4594595,21.1998732,542.6284124636492
n,138.1205357,183.5714286,87.57142857,505.5714286,27.49471192,942.9603097934543
n,150.9195804,191.5555556,91.11111111,622.3888889,14.2210286,2003.1759780901473
n,127.4132492,173.6,74.5,331.05,26.82624648,1020.6878848395692
w,132.834753,189.8648649,96.43243243,367.4594595,21.00645141,500.8861384767419
w,120.2586771,229.1770833,144.1458333,519.8854167,19.70034854,1093.8758613686225
n,108.2270531,159.7692308,73.53846154,201.7692308,14.89211697,1418.7578016880636
w,129.0821053,219,155.5666667,452.4666667,13.44205672,1895.652584226672
w,132.9057971,203.8461538,110.6923077,451.5384615,23.31711538,382.1984845802298
n,144.4014337,197.1714286,87.2,570.7428571,21.11890535,971.8279463419566
n,128.6319544,207.2954545,97.56818182,384.2954545,16.74408971,637.2316170169086
n,141.5524476,257.7777778,149.25,292.6388889,17.93891814,3473.903940653161
w,110.2834646,223.21875,131.0625,487.4375,18.24828759,979.1464123278286
n,118.8860294,168,74.35294118,322.4117647,18.52259445,1765.2360803200615
n,111.7074074,198.2352941,89.47058824,632.4705882,32.16781258,1645.0132141925938
n,124.4478022,165.9130435,75.08695652,278,12.51751136,799.3355577274609
w,135.895288,192.3055556,90.69444444,339.2638889,17.43280198,168.53427039212988
n,126.6640316,229.5625,112.65625,652.75,20.14902971,212.2146340928814
n,131.4197039,182.036036,76.68468468,276.9369369,18.71026943,216.89156536203146
n,130.371875,195.15,89.05,494.15,25.51249694,572.9789523387948
w,127.6601442,197.6393443,108.295082,411.1147541,21.23836134,372.90211826101927
w,125.3138075,210.3,114.5,517,23.19839554,422.0789100469132
w,135.3374233,196.1612903,112.7741935,487.3548387,13.54792626,1307.5237378711158
w,133.5585586,208.8928571,113.1428571,458.3928571,29.55665176,405.9252114955007
w,143.0229555,212.2045455,124.4545455,487.7954545,24.12145362,1662.9912031730607
n,108.8609865,233.7857143,107.9285714,806.4285714,19.14418972,1051.12224724591
n,124.2490842,201.2463768,100,273.5072464,14.33736993,619.6411657554102
w,125.3341986,207.7628866,116.742268,496.4639175,20.83428892,718.5349840042128
w,130.5566038,203.8510638,120.0425532,436.8723404,14.72312753,1350.8500376570712
w,136.0323194,221,124.0909091,514.0909091,17.60013983,1108.9407342887143
w,134.4121951,194.9615385,114.5384615,350.6923077,14.62130447,777.9484288336322
w,124.3245325,216.3859649,122.3508772,458.8245614,21.00377372,922.8497370764379
n,132.8688761,177.7954545,73.64772727,190.3863636,14.14739412,535.2066825461322
w,135.6125,173.4,87.8,269.6,15.50999678,634.5728868341229
w,126.3321829,202.3972603,119.7123288,370.9589041,23.43401239,1552.1243940968586
n,141.2662037,244.5185185,134.1111111,681.7037037,28.35291021,1298.6511298428416
w,130.5274815,199.6493506,109.987013,360.3116883,17.74840565,649.6574891692142
w,129.1619348,236.7833333,132.9833333,660.8,21.02712534,1152.418822816446
n,145.4094488,230.6875,118.625,462.375,23.47039358,1416.8890999492967
n,135.813161,199.6481481,90.03703704,516.537037,18.57812629,309.2997956662378
n,133.9360614,210.2244898,89.3877551,428.5918367,32.62128556,685.9900621965528
n,126.0289474,181.125,87.875,371.875,17.42558583,829.4262443321394
n,136.6301887,171.5373134,71.25373134,322.238806,18.31148039,1645.6067931672242
w,139.3531469,215.1481481,115.0925926,573.2777778,15.59197676,883.5337522967237
n,111.7477477,175.2142857,77.42857143,244.8571429,18.6984666,1918.058321520837
w,112.78125,171.2222222,79.22222222,146.7777778,15.18730789,4371.165981221167
n,123.6730769,193.1538462,88.53846154,554.4615385,21.40286991,594.7599110233758
n,130.7530454,177.5087719,77.05263158,393.6842105,17.98256739,923.9522074395853
w,128.7823344,225.675,118.525,560.225,22.56821603,595.9889130208951
w,140.1569507,225.7142857,137.2857143,622.2857143,19.99706611,1506.028416219021
n,138.4514286,211.2727273,94,623.9545455,26.85548253,727.3968836972347
n,110.9313433,219.8333333,98.92857143,694.5,18.8092827,651.2883080991818
n,137.3050542,215.2,98.14285714,491.8,20.13858111,541.4892621392768
n,136.3711002,169.4956522,68.2173913,183.4173913,10.31971336,1251.4348689456524
w,121.146,191.5638298,108.4680851,437.3085106,19.45046581,1086.713600901264
w,136.1238318,189.5185185,94.51851852,453.5925926,22.63602383,415.089714054575
w,128.4303483,188.0657895,94.23684211,307.1710526,15.85942837,528.9745817343306
w,129.4390244,209.6774194,110.0967742,482.4516129,25.12772782,740.6796628264099
w,117.3461538,212.4444444,119.1111111,523.2777778,27.10245764,823.1181386891398
n,121.3190955,181.64,85.48,286.28,11.94011725,187.66492491957834
n,132.044711,167.3965517,67.24137931,213.3448276,8.854031643,760.2359160519405
n,116.8848684,208.2105263,97.36842105,591.6315789,32.46912021,409.9013499123442
n,122.372549,165,74.25,276.25,10.9879195,941.03744499737
n,139.6708333,205.4,93.6,459.6,15.48533356,206.26791150074666
w,119.8088889,216.3521127,121.2112676,485.3380282,22.47102655,1352.6543273307545
w,120.011396,224.7878788,123.6818182,542.5606061,26.67835488,1011.4346671539159
w,131.1706485,214.0810811,113.5675676,573.0540541,25.01876578,576.2924341442114
w,138.9517045,234.4545455,153.3181818,514.4545455,32.71050707,1205.610944201464
w,132.480025,198.3366337,104.6336634,362.6237624,17.36100712,516.2446103196232
w,141.9889381,176.6206897,103.6206897,336.6896552,11.23884042,1036.0035170468695
w,121.5067308,205.5572519,116.9923664,380.0458015,16.2438264,1546.4619282956205
n,134.5968523,243.8846154,112.1153846,769.0192308,20.89406926,92.44854123414217
n,126.2542662,226.1216216,102.6486486,672.4054054,22.47649937,72.28268539984867
w,120.2981651,176.9090909,93.67272727,220.8,20.81877728,489.43492437040607
w,110.2874396,180.4230769,91.69230769,306.7307692,16.13405381,931.3935855918869
n,150.4622093,188.6744186,83.20930233,417.4883721,23.35571566,815.0899963715201
n,113.3680556,191.5,81,449.8333333,16.81012335,855.8271445566305
w,99.8125,167.4375,84.4375,196.9375,10.51765629,1474.9559833342769
n,119.1684867,231.1358025,107.2098765,741.2839506,19.67219548,414.3425894557299
n,139.0828729,195.173913,80.34782609,455.6956522,14.50219982,569.0059499951682
n,121.9462025,195.8,93.6,346.8,15.82908715,115.38080344919626
w,137.206422,204.1219512,103.9512195,513.9512195,23.72377227,237.31856226062322
n,135.9955157,202.7857143,103.6428571,559.9285714,19.22225008,335.10402067910326
n,125.7291667,196.3333333,87.44444444,473.3333333,62.3965811,1728.6940160079457
n,128.3836478,243.1833333,112.7833333,859.3833333,15.06853786,1165.5397461548541
n,121.4685185,215.7647059,97.79411765,878.0294118,21.56690724,2734.9835671100877
w,113.9976798,214.8571429,135.7857143,452.5,11.77569921,1888.0467177404762
w,144.6740506,210.25,123.55,415.65,17.3795138,1604.5068314571597
n,118.672399,224.2328767,100.3835616,768.6849315,27.55185152,536.1560675767776
w,106.4891041,199.3846154,111.1538462,412.2307692,24.92640054,955.1664164535181
n,141.3263889,203.8888889,79.11111111,492,20.29230834,902.200583305219
n,112.9369104,181.9719626,73.97196262,417.7850467,21.50453277,987.9188979240715
n,112.8920455,191.1818182,97.18181818,415.6363636,25.01305444,468.148722224929
w,130.9252336,224.5740741,126.4074074,567.9259259,14.93393086,723.3013111697716
w,130.9252336,224.5740741,126.4074074,567.9259259,14.93393086,723.3013111697716
w,128.045738,224.8241758,135.9010989,507.1978022,18.50717149,755.8589147983563
w,116.0096774,206.8974359,113.8974359,315,20.03182872,2021.0623737605852
w,128.6991342,203.4137931,116.9655172,339.1034483,24.23590952,950.2352763232835
w,139.9477352,206.6666667,111.2777778,523.8888889,21.20467206,631.6226839759946
n,132.3698454,213.877551,113.5918367,585.3877551,22.95028399,499.2777433902906
n,155.88125,206.4,94.2,678.8,12.51439172,1754.524857940591
n,145.0513834,195.0625,86.9375,351,17.51506048,295.456528488709
n,114.4959016,217.173913,96.80434783,667.0434783,21.3200142,515.456191436644
n,131.9603175,201.75,88.3125,666.1875,10.49404593,1505.1117541284539
n,110.9431818,210.9090909,92.81818182,625.5454545,34.26971291,1064.2931371997029
n,167.9444444,208.25,96.375,711.75,17.20056322,2973.0506438522743
n,135.6559524,199.1698113,89.8490566,441.6603774,22.92865092,485.3527322109947
n,119.55,169,83,310,12.00999584,1117.4713845064462
n,138.8929664,195.6407767,84.9223301,420.3495146,21.60126322,366.78965227256344
n,137.1009317,162.1707317,64.97560976,159.2439024,9.854986629,3475.945396668201
n,134.7401316,181.6315789,77.42105263,406.3684211,25.14985558,578.6969984668004
n,105.9821429,215.7142857,105.5714286,775,18.50096523,1171.7405784269795
n,140.6629921,182.725,76.15,334.8,17.83730291,665.9661438810224
n,141.197,273.7777778,169.3333333,448.7777778,20.61966469,1426.9371680267825
n,127.8590476,205.2727273,93.81818182,716.1818182,23.71169038,1265.0415943666521
w,136.492126,179,86.25,499.75,26.54359621,1295.2114532250696
n,127.375,220.5,96.25,662.75,24.46992733,432.2709125406169
n,115.7764706,189.75,85.875,250.5,7.206496635,1659.4908505249446
n,132.7505882,190.4814815,80.66666667,306.7777778,16.84433084,412.8681265846886
n,131.1832461,201.9166667,84.25,377.6666667,15.71159338,937.3989810560686
n,124.3803922,278.4375,154,513.25,34.70269937,1675.9277292096108
n,139.7841307,185.9074074,83.2962963,382.1666667,16.9397079,1043.8597527167997
w,123.4173554,170.6451613,75.48387097,221.8064516,7.750532861,640.9471206211584
n,118.1569187,227.6136364,103.6363636,589.3181818,28.51032871,320.31534576306495
n,122.041841,185.8333333,79.35,280.3833333,20.01940031,143.7723712892988
n,134.6636086,182.0243902,78.56097561,254.6829268,17.66049039,1157.5390485249482
n,132.4734848,188.9090909,89.3030303,442.7272727,22.86756699,691.2540095556051
n,127.9208333,226.4,123.4666667,597.4666667,16.83118798,666.1162690918121
n,112.452381,217.7027027,95.32432432,729.3513514,17.79191468,780.1310975640621
n,120.3128314,219.5932203,99.08474576,594.8305085,29.88680166,120.47420174438903
n,105.7421875,163.25,74.25,233.75,8.411301921,1989.9918613094048
n,125.2010772,176.0857143,66.05714286,224.9428571,17.63266912,798.562841943301
n,116.0628019,187.6153846,80.69230769,407.1153846,27.19154607,426.40291075082587
n,134.2827298,262.0888889,167.3333333,426.4666667,14.22985906,1606.6565646588404
n,131.6287129,244.1052632,140.0526316,592.2631579,25.11939633,640.1640313068896
n,146.7479839,224.6451613,110.6451613,546.1290323,19.4187654,796.6526964327016
n,105.9621849,187.5333333,82.46666667,347.8666667,13.6570698,707.1318971857602
n,112.6272321,117.2105263,50.57894737,309.877193,22.6178661,7234.920087347859
n,117.7002725,245.0652174,115.0869565,680.6086957,16.4968491,478.02679905448326
n,129.2612613,189,82,456,18.8289833,539.9831826742932
n,127.4291667,241.6666667,135.2666667,559.2666667,25.40341184,243.21508021595784
n,116.2102138,241.5471698,117,789.2830189,19.67518365,447.53572586812646
n,116.8474843,249.925,111.875,667.55,15.70915338,751.7614550029829
n,128.1609499,278.2291667,164.8333333,424.4166667,12.7079918,1179.633045990705
n,118.9467742,210.6666667,89.84615385,529.1538462,36.24006813,524.3671362701646
n,133.2729469,203.6538462,88.92307692,515.2307692,27.76454254,146.0494570593101
n,127.0138889,245.1111111,133.2222222,358.8888889,13.80016103,879.3842626574412
n,146.8085106,216,114.6666667,474.3333333,20.04370225,1022.6670879520506
n,81.125,195,81.8,356,10.90687856,2512.525381271573
n,125.2554348,208.0571429,103.6857143,328.6857143,14.94004344,809.0155466662835
n,142.4962406,224.68,99.92,661.4,31.10269442,671.6347090766717
n,125.7534247,242.5217391,111.7826087,795.4347826,22.63635432,575.5035651937039
n,163.6696429,257.1428571,163.7857143,300,10.38444677,3844.107885808004
n,118.9278846,240.5384615,117.5384615,510.8461538,41.20794431,820.6890667029813
n,116.8708861,273.36,158.28,494.2,22.58020372,1280.5644224464306
n,136.1890244,235.7619048,125.0952381,630.1428571,19.44618716,616.4588777108945
n,132.3554688,192.5625,97.5,487.5,30.72229443,935.8877548931071
n,126.1730337,171.1428571,79.78571429,325.8571429,13.69045549,1274.8821218428075
n,149.0551181,273.125,138.25,619.3125,20.02615477,3636.608748584852
n,130.00625,202.5,88,510,30.18940211,143.3856154185444
n,129.3477157,208.28,93.36,779.56,17.68416241,1609.3040280062755
n,131.9672365,228.5227273,105.7272727,774.3636364,23.33532066,268.50453529507786
n,130.75,263.8235294,135.9411765,666.7058824,22.87365629,2271.1086964894607
n,135.2966667,192.6842105,83.52631579,460.1052632,27.92074259,368.9507842464233
n,136.1504854,178.6153846,85.46153846,343.7692308,16.26954901,425.82083161658744
n,140.1536797,284.6551724,167.9310345,502.9310345,13.82023194,2895.482633165656
n,118.2882022,267.3571429,162.7767857,498.7232143,12.70211283,1392.5254992869113
n,104.2940685,372.1266667,244,292.6733333,31.27411496,5880.049213618854
n,121.5386819,186.0909091,80.90909091,297.3636364,30.90240569,355.4398997909235
n,109.8367347,236.3488372,121.255814,518.3255814,20.97096811,1005.0730519950012
n,127.4961686,227.1818182,125.8484848,281.4242424,12.33984639,3217.772717276677
n,122.6241935,185.4615385,77.87179487,382.1025641,19.38403879,1033.474366272093
n,131.83,244.4,146.48,471.8,19.88551231,880.3757642573473
n,136.637605,235.0666667,108.75,633.9,24.29020722,181.08416861462172
n,135.6507042,237.1111111,144.2666667,443.6888889,15.65340652,584.725715076031
n,127.1433824,214.4117647,128.6470588,261.3529412,16.67312447,2462.110011445205
n,122.6624294,352.5730337,233.3707865,372.8651685,21.70358438,1868.0075547929148
n,149.7162162,253.0714286,135.4285714,319.1428571,26.84279632,1794.867458595495
n,135.904943,222.3939394,98.81818182,635.1515152,32.12930144,273.5974077877592
n,126.9334719,193.5409836,96.2295082,270.557377,17.72873322,446.2371973602587
n,134.956962,305,176.32,289.36,9.795182489,5421.0110798854985
n,122.770206,184.75,90.55,218,12.22661032,199.61926177382566
n,138.525,208.45,90.75,607.15,43.52413124,669.8420679765991
n,123.5256299,234.7808219,109.3972603,767.3972603,16.73933367,131.66265634704038
n,122.7985948,262.7777778,129.4074074,737.2962963,26.68199148,1312.1820544750826
n,129.7841141,261.2903226,161.6451613,405.1612903,12.14840594,1666.8418439108168
n,117.1099476,1848.916667,1594.583333,1597.333333,16.61241169,2246919.180474313
n,141.3060109,190.2608696,92.04347826,576.3043478,20.34215826,1298.3405689446458
n,139.0508096,210.0176991,109.1504425,248.3097345,14.80460884,2638.564537337578
n,127.2306176,430.28125,293.6458333,341.6354167,12.07636293,10168.126483573618
n,127.0295809,180.7142857,79.19480519,171.9350649,12.66055932,1401.5862969043787
n,115.2224317,225.7014925,106.5671642,472.641791,13.5561997,972.7846528118828
n,131.787703,237.7037037,110.3333333,722.1666667,23.79729786,49.2946916125238
n,127.53125,200.25,82.75,374.5,20.19746271,754.7371917794505
n,128.1815224,244.6804124,140.2371134,414.6082474,23.70457546,173.60858966211984
n,125.4286511,279.0701754,189.1666667,334.254386,8.140317793,1970.6069513789175
n,125.1016949,245.0666667,116.9333333,681.8,17.28377531,445.45669603731085
n,129.424,180.75,86,218.5,12.03624085,155.36832683314807
n,128.0407524,237.85,185.35,275.2,20.48072264,3615.3467053424647
n,119.9715909,204.8181818,98,482.4545455,41.87723104,867.6647776669583
n,133.5453461,234.8113208,133.4716981,548.7169811,22.5446829,807.8093459291097
n,129.7637162,217.9770115,129.7931034,228.8505747,19.94400273,1503.7223429673481
n,123.5543478,202.826087,106.3913043,364.5652174,17.31406762,690.9255476762432
n,121.5490279,276.22,175.5933333,402.62,13.39457436,1788.7600136973358
n,119.0766871,247.9512195,113.3658537,808.0243902,24.83005893,425.68921986417314
n,107.9444444,197,90,451,8.2148874,952.1926745357183
n,119.7319277,182.2380952,74.28571429,301.6904762,22.94427836,489.0300160559615
