class,GLCM_pan,Mean_Green,Mean_Red,Mean_NIR,SD_pan,SSE
n,109.8285714,183.7,82.95,251.75,16.0794123,1423.75396203876
n,130.2844828,212.637931,96.89655172,482.3965517,21.21029549,65.22666115638991
n,131.3865546,185.4666667,85.46666667,419.6666667,13.33999833,806.3286312240618
n,141.345098,180.875,81.5,348.0625,18.21357667,1383.8637995214808
w,121.3834081,218.3571429,112.0178571,426.6071429,19.08319594,484.0198819966216
n,122.7575758,205.96,86.76,407.68,17.82357989,647.3631491127786
w,124.0102041,215.5945946,117.027027,477.2972973,24.57462807,543.4482397216234
w,125.6084071,209.6491228,121.2280702,443.2807018,25.75731376,851.4280621028515
n,107.7458333,204.1333333,83.46666667,479.8666667,22.95696457,639.5551664633552
n,140.2039216,188.59375,84.4375,457.25,30.19375906,1064.580026978828
n,122.7924528,199.7407407,108.4814815,384.7407407,23.01890587,439.71630605977714
n,117.427907,191.1851852,86.55555556,429.7037037,24.76556749,456.5826245153199
n,130.9663568,256.3521127,166.6830986,506.9647887,18.46224239,2943.563649965656
n,132.6788212,259.1269841,170.3412698,519.9126984,23.55045831,4547.272708973273
n,132.6788212,259.1269841,170.3412698,519.9126984,23.55045831,4547.272708973273
n,133.7529762,179.7142857,85.23809524,387.8095238,19.73222097,475.85593809250975
w,116.9489529,214.5625,127.75,390.2083333,23.07050636,1997.8269892042085
w,116.9489529,214.5625,127.75,390.2083333,23.07050636,1997.8269892042085
n,136.4417989,214.0416667,115.25,579.4166667,17.01041348,423.94582572851067
w,125.0748032,254.8125,147.5,388.25,20.22442444,682.1161328158918
n,144.1078067,186.9411765,77.35294118,468.4117647,20.46839069,1130.3286286256614
w,121.0942029,219.4230769,122.4230769,536,30.7144705,697.3970813897364
n,136.5666667,196.3888889,86.66666667,364.6666667,24.78437879,312.4252426367803
n,115.8912281,220.3333333,103.4722222,588.3611111,25.09148385,371.81862587117865
w,132.5069444,206.3703704,109.2592593,532.962963,28.78142405,315.14731120491354
n,121.0646688,189.125,92.575,289.975,14.14204724,804.3353052464668
w,138.3922652,200.2352941,103.2941176,431.4117647,22.16531159,212.28414742237243
n,124.08,219.1590909,98.25,638.0681818,22.00022305,432.09569615472503
n,139.5067485,231.1568627,105.8235294,780.7843137,27.49605543,601.0158045204979
n,99.15972222,241.2222222,116.7777778,644.2222222,34.62818377,1646.9953384797002
n,142.8863636,196,86,408,23.26562392,903.367703740881
n,115.4145861,248.3854167,119.71875,695.1666667,16.55538041,1304.2772963907576
n,126.4508929,170.7142857,70.21428571,251.9285714,27.89448047,1678.637641790483
n,116.1842105,185.28,77.58,414.18,37.86887376,1377.563418933531
n,127.3010417,202.5666667,112.2333333,390.6,19.31449513,688.3640917577296
w,131.2553846,188.8433735,95.21686747,246.4578313,12.9995701,787.9383047070171
n,120.9151786,194.2857143,86,364.8571429,28.25440186,340.7170581628644
n,132.0470325,173.0877193,72.15789474,230.3684211,10.49943937,491.9743004722345
n,113.4296482,178.52,78.96,209.48,8.50449293,573.761253585641
w,139.4305556,200.5555556,111.1111111,484.2222222,24.51303508,489.04309580046515
w,126.8205128,203.244898,107.1020408,435.4081633,19.46005852,204.36000236122504
w,128.1207658,196.3023256,111.3953488,345.1860465,17.70196751,1551.1041927161875
n,141.8242188,220.875,101.8125,784.5,36.68696763,1240.2926417158865
n,131.6105442,208.7567568,93.91891892,596.4054054,27.19832204,855.9380644648521
n,132.0265096,244.0697674,123.2325581,703.9302326,23.60163803,846.233041817022
n,138.5376176,204.225,103.675,343.4,27.87372194,1365.0501924660148
w,131.8457944,184.9705882,91.42647059,307.3235294,15.18652768,183.79342502695764
n,136.7425432,190.6875,81.85,338.6,19.53598843,619.5072330767562
n,113.2250923,213.2352941,106.2941176,501.3529412,16.60283046,803.371296935362
w,119.6692913,200.5,104,328.25,14.75211849,672.1046869272561
n,116.0950783,185.0535714,81.05357143,344.625,19.46463794,1131.784180872452
w,130.5940594,188.8421053,99.73684211,314,15.05403472,229.5244231482351
w,130.3398414,211,110.815534,616.9805825,22.95875313,266.94928047553185
w,112.8675497,207.3684211,117.8947368,544.1578947,24.35995078,992.7534949684048
n,129.10625,171.1,66.6,225.2,19.1039263,650.7209024768206
n,134.9041667,212.4666667,92.4,633.2666667,30.30174179,541.7450476331985
n,115.4009662,205.8846154,89.57692308,397.5,22.93833385,530.4880152058344
n,113.96521,216.4797297,100.2567568,507.0945946,25.83007188,424.339206647754
w,131.140625,206.6875,107.0625,561.1875,29.75498908,410.64371862604617
n,139.0142857,183.2727273,78.77272727,365.5909091,15.50159949,720.3483155208431
w,113.9635417,195.0555556,106.5833333,303.7222222,24.09158195,813.7260252878682
n,122.7918437,192.2702703,78.75675676,314.2702703,19.13395648,103.64092302419829
w,136.1621622,189.5714286,99.57142857,331.5714286,15.59042092,520.8150076833251
w,118.1553229,176.8611111,87.55555556,262.0833333,21.75301526,2058.6526965185567
w,132.325,203.6,120.68,378.32,24.0028665,1050.616006240781
n,142.8647059,185.3125,77.5625,363.75,16.21908116,828.5997739765803
n,112.67621,226.6195652,103.2608696,857.9130435,29.83076082,1814.9237695528266
w,128.6824324,222.3928571,131.0714286,448.0714286,24.36143657,1821.8084068415455
n,137.8736842,180.8333333,75.0625,369.75,21.95330232,706.2210334370983
n,108.1344538,199.3333333,107.0666667,253,20.50907658,2221.6541156529215
n,129.24375,189.75,80.3,268.1,25.52307779,2297.8906288013022
w,117.8786765,175.5294118,83.88235294,188.2941176,17.01576716,1360.4768872462207
n,136.9319853,174.6470588,75.79411765,268.2352941,13.46789082,2570.5661032961943
n,144.0801394,200.4444444,87.77777778,441.3888889,23.02387381,486.0784634342241
w,119.4798206,191.9285714,105.7380952,331.952381,22.49178484,769.3159089750702
n,132.9343066,218.9534884,96.41860465,677.6046512,22.5968979,375.39744115856325
n,114.50625,219.6,96.7,910.8,20.97832214,2666.8586300131396
n,136.866242,223.8983051,101.6779661,711.1186441,22.41252266,663.6785175640855
w,136.3557692,221.1538462,117,672.1538462,16.63104675,397.6069362164027
n,125.828125,211.125,94.6875,508.1875,14.85713213,426.8608355719305
w,133.4033784,183.3870968,94.92473118,292.6021505,18.9325436,697.0325259464445
w,121.546875,178.5,82.5,374.5,20.0869205,540.4445057321491
n,129.58413,168.4242424,72.57575758,184.9090909,11.08984305,1810.2945795032847
w,132.0631579,188.6666667,97.2,262.8,12.13095215,1952.9517336781018
n,118.1464738,176.3714286,79.92857143,219.2571429,14.6531671,310.5053117248991
w,124.6289474,189.4166667,99.04166667,347.3333333,24.65339592,1250.0534413998791
w,118.1692825,238.625,156.875,529.4107143,19.6485706,3832.1255484955464
w,123.2474645,202.2741935,110.483871,460.2258065,18.71215223,630.9252812871192
n,121.6354167,186,83.83333333,482.3333333,15.12631996,861.2777456710133
w,135.1648936,203.8055556,114.6388889,391.1111111,12.83402475,964.503879772507
w,129.9245283,214.1,124.1,452.6333333,14.29778538,1483.3388547624613
n,113.8019324,202.6923077,91.07692308,577.2307692,37.29016242,843.9515125649742
w,138.3977273,210.9090909,114.3636364,637.5454545,24.68432935,748.6811351135283
n,111.8917749,227.0689655,105.5862069,602.3448276,20.10442418,585.9183623798239
n,109.8671329,208.5555556,94.38888889,716.0555556,26.68292329,1460.4787931973133
n,127.2515723,209.15,92.975,496.425,18.74939999,441.3346754083474
w,129.8480204,204.122449,110.6938776,418.244898,23.12530378,373.60335181728544
n,113.6688103,206.6153846,97.76923077,687.3076923,32.38612782,1172.5698869692021
n,122.282967,195.826087,85,442.6521739,29.58547899,468.37670981297333
n,120.9621212,225.7931034,99.98275862,731.0517241,23.09945925,260.172992430301
w,131.2760417,192.75,98.41666667,431.8333333,20.13909962,243.68330341897052
n,133.7542614,198.6931818,86.14772727,549.0681818,29.50805325,1229.2512617849588
n,137.334127,187.2531646,75.55696203,299.4810127,17.52136517,461.0894368342782
n,118.7304786,171.8,74.2,231.6,13.60505788,631.0000572143992
w,127,179.4,82.6,245.88,13.4339272,732.3987750902143
n,141.5606695,178.0333333,72.6,227.8,18.80806565,433.57423772946356
w,118.7477273,199.3928571,121.8928571,425.7857143,22.47614949,862.337146098336
w,135.1086538,232.1538462,137.5230769,545.7230769,24.53084521,2053.7318498423474
w,116.628692,232.3333333,149.6,530.6333333,22.20532969,2838.415860398954
w,126.7958057,204.4561404,110.4912281,370.2982456,16.44017855,643.355210386533
n,126.7063037,194.5227273,95.11363636,337.1136364,10.86056918,655.2268745042625
w,107.0446429,212.4761905,125.3809524,464.7619048,21.26253132,1568.7227045900422
w,131.2481203,209.72,143.64,410.16,15.3123349,2789.3581429969004
w,122.3734043,207.9491525,117.2711864,532.8474576,26.87721985,459.77967123021415
w,124.0222222,205.4318182,135.1022727,411.2954545,16.42098536,1987.558284096747
w,128.8066915,183.8823529,96.17647059,369.5882353,16.43883494,429.4843364165691
w,140.6702586,197.2068966,116.9310345,361.6206897,15.92282219,1327.3819611140273
w,132.186551,205.2413793,114.6551724,491.5172414,17.21266575,687.3448433731448
w,124.2834646,210.75,124.5,556.25,18.38806933,905.9699636435405
w,126.4571226,207.5955056,110.4606742,446.1235955,23.71210889,489.2488977105357
w,132.7681564,201.3777778,110.0222222,483.7555556,22.67411642,349.5775608860732
w,135.6746231,188.98,101.98,329.99,17.85854137,524.4321950069403
w,130.3920455,220.6060606,114.7575758,610.1212121,25.92990481,236.96688647226654
n,118.2348485,159.2,70.88,224.44,16.6997006,1184.5085748153322
n,129.2234043,226.7457627,102.6949153,674.5084746,26.14331922,69.15697849557498
n,125.9456067,173.5333333,79.13333333,386.3333333,12.33135119,898.0855566123502
n,123.2146597,176.6666667,82.5,280.3333333,14.86303207,1566.4566367377513
n,126.0198864,186.1818182,79.90909091,359.5909091,16.30165027,711.3522320072763
n,133.7270115,176.3181818,77,276.1363636,13.21031403,1956.418269826002
w,126.8116279,190.5555556,100.8518519,307.0740741,18.02535937,300.5372749665654
n,101.0346821,190.0909091,80.81818182,319.3636364,23.77303146,881.0154447981721
n,128.9846678,208.5945946,96.51351351,715.3243243,18.38739842,1197.4672648382652
n,115.6785714,186.1428571,76.42857143,351.5714286,30.35840334,1338.6577638214862
w,120.9812109,216.5,121.6666667,656.8666667,25.89328527,617.067558023101
n,143.4582245,191.9166667,79.77083333,353.9166667,18.09230768,1060.5213394217815
n,115.6571429,203.7272727,84.31818182,551.9545455,21.99929563,1278.7284423077103
w,132.6560748,160.0294118,73.41176471,279,12.24296281,2631.2057509705874
w,125.5356522,193.2876712,112.3287671,339.8219178,15.30558189,1327.3917329315118
w,128.393617,211.4666667,119.3666667,530.8333333,12.2122434,638.5322825498865
w,115.5427975,205.2333333,124.1333333,408.0333333,15.10294305,1544.1147735445384
w,126.3706177,212.5789474,127.9473684,546.3157895,18.98118328,1343.6384137230052
n,127.0167526,207.244898,97.67346939,420.5918367,16.11818595,160.94663420503406
n,114.7521008,186.8666667,81.86666667,518.3333333,20.55834516,1405.467768873155
n,123.0756303,204,88,449,10.19716736,666.2441715314301
n,125.101833,181.2258065,76.64516129,321.7419355,21.77856587,291.3358430330571
n,141.2159468,178.3421053,78.42105263,309.8157895,18.32229165,440.4364507716264
w,113.6473214,222.4285714,149.8571429,530.7142857,34.42093869,2767.54150738679
n,106.359375,198.8333333,89.16666667,609.3333333,16.68498993,1532.114592656503
w,137.6432039,204.9230769,111.0769231,512.9230769,21.0960399,520.9933797175566
n,140.2080645,197.7179487,81.41025641,535.8717949,25.72930955,1053.141969409699
n,122.2115978,210.254902,93.30392157,439.7058824,24.00887515,151.62447722203277
w,120.3958042,226.6333333,126.6,659.5888889,22.56439072,550.2287474555972
w,132.9739264,195.5853659,113.6585366,392.8780488,22.42210391,808.2367269468967
n,110.8072917,188.6666667,77.5,446.5,18.705874,1289.2093649904411
n,135.0933504,211.8571429,91.44897959,527.755102,28.68770799,201.80029365272304
w,121.1986947,197.4712644,118.0229885,351.5747126,15.52560013,1772.8884767316197
n,133.6180582,160.9821958,66.87833828,156.9139466,8.763332235,5136.276068265977
n,118.9774011,189.1641791,82.62686567,330.9850746,20.03834595,385.9111846133803
n,138.5756458,188.3088235,78.92647059,292.8676471,16.81463154,667.770501683772
n,119.561939,189.7285714,79.5,392.8428571,30.27374764,463.420634307969
n,133.6192661,172,68.14285714,239.1428571,8.705206043,916.3379094990239
n,124.5267309,188.0277778,97.22222222,356.2916667,17.16091238,800.6509397839723
w,134.7539185,195.425,103.55,450.375,18.68361582,693.0096369480764
w,120.982699,209.5616438,121.4383562,461.9726027,19.34086493,1006.732932199936
w,116.5738636,226.7878788,143.9393939,582,30.48298085,1866.6018332096778
n,117.0631313,183.84,87.16,410.08,20.41826633,1148.3111901314478
n,137.6919643,213,94.07142857,493.6190476,38.11213911,537.7987322528187
w,113.7688442,181.44,100.12,271.84,13.88028818,2501.9610702835757
n,117.1019523,196.3448276,88.55172414,373.5862069,17.90608344,207.62934858476373
n,112.9480874,217.9565217,95.13043478,564.8695652,22.70023275,355.5121424396391
n,123.2102273,184.75,80.20454545,490.3181818,28.38550839,1054.400388775495
n,134.6104167,208.9666667,97.56666667,756.7666667,24.66162111,1852.5680259165883
n,131.3117831,160.0107527,68.02688172,174.1021505,8.570951487,3251.2439122142664
n,120.8501281,172.7702703,70.0472973,240.6756757,13.77809236,941.2692648544028
n,129.1451613,194.2571429,80.08571429,382.0857143,15.1000473,170.0865793615174
w,121.8731778,178.627907,88.90697674,294.7906977,12.32733643,751.8364130330108
w,146.2617188,206.34375,109.375,536.03125,15.97348878,843.3673136863252
w,121.2910053,210.8333333,117,661.6666667,19.36258563,634.079024410452
n,138.3596838,190.4375,101.3125,426.125,20.48770592,437.27003467809686
w,125.35625,206.4,115,439.6,11.67946917,642.5038114450658
n,129.6364847,200.1702128,104.4468085,419.7234043,25.53952014,230.44573746797212
n,130.6008065,192.5238095,84.66666667,346.2063492,18.74454653,962.5695567020974
n,129.4633286,203.5168539,88.95505618,341.4494382,17.43295994,813.6081891021875
n,125.3576288,169.7076923,69.67692308,223.0153846,21.03398209,628.0544349924076
n,111.625,186.5,75,281.75,19.98015509,1611.8722175260307
w,114.5436047,207.9069767,134.627907,437.5813953,28.37009143,1788.7426660503247
n,119.407767,186.9230769,74.23076923,274.2307692,27.07539331,2013.3174815816733
n,117.828125,202.5,86.5,409,11.29988938,824.0934398222673
w,133.7398374,207.6129032,127,495.9354839,13.00212101,1554.3447248583789
w,114.8968254,202.625,97.75,505.125,20.79926381,697.628858639153
w,132.7389079,188.3513514,101.5405405,456.3513514,16.81141913,973.7237410824897
w,146.2931034,204.2727273,119.0909091,433.2727273,10.67243301,1077.9282892259323
w,138.7069182,201.72,105.68,426.8,19.24681792,271.3052404527117
n,142.2473684,197.25,97.25,433.25,11.71418893,463.60071650165867
w,124.2546053,222.8795812,122.2356021,567.8586387,21.2399027,405.8949779618335
w,138.0486486,216.5142857,112.4,533.9428571,28.63740953,398.79153920289144
w,135.7036424,223.4473684,118.3684211,610.2368421,24.7107365,373.3166336704667
w,125.6485849,201.3018868,103.1132075,590.1886792,23.6300097,746.5317709744369
w,125.6485849,201.3018868,103.1132075,590.1886792,23.6300097,746.5317709744369
w,129.7415094,209.8208955,118.1492537,467.1044776,18.91673139,658.9145961593953
w,130.1073201,209.1176471,113.8627451,530.5490196,20.01553606,337.90445128323364
w,115.8205282,221.3714286,146.2,497.6571429,15.18938644,3035.2314427347533
n,114,207.7428571,99.14285714,599.1142857,26.90882565,915.1740994393438
w,123.0129241,191.3333333,105.7948718,439.2307692,15.38376066,550.560412996569
n,137.384106,215.9210526,97.21052632,439.3684211,17.36525091,301.3632612140162
w,124.0708915,200.7288136,119.3559322,389.3898305,17.66383074,1070.9633569910156
w,129.221374,206.8536585,116.8536585,483.6829268,21.8256844,533.9432114567397
n,124.359322,201.6216216,86.91891892,575.7837838,20.82210995,739.4478416337689
n,128.7908082,233.0506329,102.443038,734.2911392,25.60757304,129.3942282617168
n,132.8122218,193.7225806,82.62580645,342.2516129,18.59430501,754.2450039614502
w,116.3685377,217.0823529,124.6352941,480.2470588,22.01677247,1114.306024973057
w,141.784375,196.8,115.65,390.35,20.50725481,1008.5533378991547
n,146.4285714,192.5,88,593.5714286,28.3283409,1937.6261757663906
w,122.7978339,202.3428571,132.4857143,322.2857143,15.8353776,2348.4907919656116
w,125.4544583,187.2575758,91.87878788,239.7575758,14.63444997,447.8157829572235
n,87.58730159,186.25,84,360,14.84082208,2330.746217373437
n,123.2323944,190.3611111,91.36111111,289.1944444,19.93531205,753.702552445794
n,116.7165354,190.875,83.3125,376.875,24.85929152,245.4534281811629
n,127.5331325,203.4761905,86.95238095,470.6190476,23.62672686,143.9915797062147
n,106.837963,193.6666667,83.2962963,512.3703704,34.45913665,1379.7682724432866
n,145.6519208,191.9814815,83.42592593,425.7037037,23.55864905,691.8164191711774
w,150.0958333,224,136.4666667,529.4666667,14.09428568,2115.053111864539
w,116.4904014,229.9166667,153.2777778,525.8611111,27.46389324,3088.916402248757
w,142.3697917,224.8333333,121.3333333,695.75,24.07396011,1194.2482280579554
n,128.7094499,197.2666667,88.84444444,483.3777778,29.67349901,247.00991124786074
w,129.681883,197.6818182,120.6136364,420.0227273,18.9515885,840.0819270451295
w,132.4672657,216.755102,118.4489796,584.4693878,22.55926528,434.7304724722735
w,130.3378871,210.2898551,130.6956522,488.942029,21.31990953,1425.9414353936613
w,119.3576923,215.5714286,128.3673469,476.6326531,14.33103598,1355.8885648409234
w,130.7209302,211.7777778,115.5555556,499.5925926,28.37713873,859.7424228454188
n,120.1788909,219.2,96.25714286,492.4285714,20.62940738,451.6810335378404
n,130.5708661,207.3125,91.75,443.75,10.34936592,411.5380725198405
n,130.7885375,175.9375,73.3125,285.375,15.62449999,1369.03475143883
n,136.8984375,188.5,84,429.75,39.90452473,791.9421957270101
n,121.1797753,180.4705882,86.76470588,292.3529412,11.667577,823.3266304502073
w,137.9975,236.4,127.52,673,29.05762551,623.1585800291367
w,139.8922156,229.8571429,139,515.3809524,31.6096515,1963.7897441321586
n,93.94791667,184.1666667,81,462,25.32730191,2287.183494112756
n,147.0261194,175.0882353,76.94117647,244.0294118,9.242597337,1077.516473002384
w,132.9487952,212.5238095,133.7857143,469.2142857,17.37377543,1630.6395264156342
w,119.9807692,215.1538462,145.3846154,493.4615385,14.78709857,3027.2866705345677
w,150.1810345,225,145.6818182,540.5,13.90767967,3140.971119292621
w,128.2911184,232.9736842,129,558.7631579,18.24936913,1027.337396989028
n,120.34375,196,84,385,32.67856926,211.4433895623849
n,129.6281994,174.7042254,73.33098592,239.5704225,13.46486424,666.2954304471542
n,131.3755507,187.3684211,76.92982456,364.0175439,24.13099064,537.1967297880476
n,132.6484594,168,76.26666667,220.0666667,16.20510512,474.3438768834752
w,122.03125,176.25,85.25,335,14.43952908,757.2976779737451
w,119.3797468,195.6857143,109.8571429,411.2285714,14.16503312,865.9794346221961
w,127.4698355,182.2173913,88.01449275,254.2898551,15.52526381,1192.4774466181782
n,123.5149343,221.7238095,103.7142857,736.4380952,27.49588961,365.4405727353299
w,136.797066,210.3461538,121.4230769,513.6153846,11.95980695,897.981400847139
w,122.2983784,213.5517241,127.1206897,527.2586207,22.9267367,766.236793049404
n,104.3125,202,93,413,18.58015668,932.6066941896622
w,121.05,224.3148148,144.0740741,465.0555556,21.07281289,1417.0892845410567
w,133.5325385,192.8031496,110.2834646,349.8346457,21.06601347,1432.716269934648
n,119.1328125,196.90625,87.90625,442.875,39.36357721,642.5574517441362
n,144.1261261,239,132,567,15.77391285,1536.5481882574543
n,128.8403361,170.9333333,71.66666667,287,23.55381545,1503.6782185493594
w,109.9663866,194.6,99.53333333,361.4,23.74718697,822.1753075188436
n,101.575,208.8,95.2,513.2,31.08311439,824.713089754583
w,117.5590278,225.2222222,123,541.3888889,28.12472222,984.8765615296883
w,122.537799,221.3787879,136.7121212,456.4393939,17.55835737,1698.4463698397685
n,139.9740854,221.1219512,101.7073171,624.6097561,37.42081864,325.00795733372934
n,105.4791667,339.6666667,206,609.3333333,41.34811564,1384.3931723302678
n,125.0632008,211.2903226,98.64516129,453.4032258,13.29898129,717.0498841350914
n,112.8823529,194,80,391.6666667,16.19821664,533.8844177764662
n,129.3402778,183.6666667,72.33333333,356.6666667,29.20806586,1082.1964687687225
w,122.006993,239,139.7777778,542.1666667,23.84673283,2432.0954778361834
w,125.8109339,195.5357143,102.6785714,361.3214286,15.27014394,621.5754350411173
w,137.2228916,216.8269231,124.4423077,458.8461538,28.77054193,1306.2765046671936
w,127.9921875,199.75,102.75,566.75,36.8593187,646.6237041773492
w,114.2310231,221.6578947,132.0526316,563.8947368,36.53340596,1156.3528585644367
w,130.5623836,216.3235294,124.6764706,566.6470588,16.8644094,618.0822234859953
n,138.3340564,166.9310345,67.10344828,317.5172414,14.91473985,1147.2387434637633
w,130.3864307,185.8139535,96.39534884,277.2790698,22.65257147,1604.639442599536
n,122.25,167.5384615,77.92307692,272.9230769,18.81331519,2559.9296245974574
w,138.6723301,207.7307692,114.9230769,537.2307692,27.57646711,631.6330565010319
w,131.7955626,211.45,111.45,598.5,31.4721206,730.366304256675
w,114.885,216.76,132.72,567.72,29.51869916,1059.3517991313504
n,134.309816,198.7804878,91.65853659,352.0243902,20.94345238,829.782951082166
n,117.8881579,177.1578947,74.94736842,340.3684211,35.7076464,1380.6917366037683
w,128.2168675,179,87.28571429,257.4285714,14.92353906,1452.2564405377175
n,140.9606414,213.5581395,108.6046512,620.5116279,21.70349382,356.05154346808536
n,128.6953125,197.1875,86.1875,608.4375,20.65755007,1235.166321848255
n,117.1502732,179.2608696,85.52173913,303.0434783,24.12099306,505.68918962208267
n,126.282154,185.4125874,87.00699301,283.041958,11.65932042,1179.2110377572676
w,117.0537975,189.95,102.7,328.6,27.35191949,667.5756482886652
n,133.1768813,198.691358,92.03703704,244.617284,20.49990985,790.377711333239
n,132.70916,172.4379085,69.73856209,144.875817,5.772400124,6273.365404296199
w,127.5291925,249.019802,157.7227723,609.970297,17.05466166,3667.501873067524
w,121.4879808,226.6153846,138.8846154,470.9230769,23.96508802,1453.8095875815864
w,123.588685,236.5121951,144.4878049,675.2439024,20.62070715,1503.3942336503992
w,118.622449,229.5405405,131.027027,485.4594595,21.1998732,1900.088027002503
n,138.1205357,183.5714286,87.57142857,505.5714286,27.49471192,1633.8762152945428
n,150.9195804,191.5555556,91.11111111,622.3888889,14.2210286,1976.8909501801456
n,127.4132492,173.6,74.5,331.05,26.82624648,806.0447874952154
w,132.834753,189.8648649,96.43243243,367.4594595,21.00645141,316.5522043502204
w,120.2586771,229.1770833,144.1458333,519.8854167,19.70034854,2175.5541607557866
n,108.2270531,159.7692308,73.53846154,201.7692308,14.89211697,1766.0625880679804
w,129.0821053,219,155.5666667,452.4666667,13.44205672,1887.4359474333437
w,132.9057971,203.8461538,110.6923077,451.5384615,23.31711538,728.8556493542812
n,144.4014337,197.1714286,87.2,570.7428571,21.11890535,1222.669149708867
n,128.6319544,207.2954545,97.56818182,384.2954545,16.74408971,209.84785464319063
n,141.5524476,257.7777778,149.25,292.6388889,17.93891814,2924.149849831627
w,110.2834646,223.21875,131.0625,487.4375,18.24828759,2002.8378839471764
n,118.8860294,168,74.35294118,322.4117647,18.52259445,927.591059064892
n,111.7074074,198.2352941,89.47058824,632.4705882,32.16781258,1358.170714175404
n,124.4478022,165.9130435,75.08695652,278,12.51751136,2325.329568527029
w,135.895288,192.3055556,90.69444444,339.2638889,17.43280198,643.9712340206022
n,126.6640316,229.5625,112.65625,652.75,20.14902971,358.58577245349215
n,131.4197039,182.036036,76.68468468,276.9369369,18.71026943,1682.9812777325528
n,130.371875,195.15,89.05,494.15,25.51249694,541.7468926556656
w,127.6601442,197.6393443,108.295082,411.1147541,21.23836134,610.9424068483202
w,125.3138075,210.3,114.5,517,23.19839554,293.39779545768806
w,135.3374233,196.1612903,112.7741935,487.3548387,13.54792626,767.9423438532738
w,133.5585586,208.8928571,113.1428571,458.3928571,29.55665176,692.8178033972396
w,143.0229555,212.2045455,124.4545455,487.7954545,24.12145362,1178.8488609835188
n,108.8609865,233.7857143,107.9285714,806.4285714,19.14418972,684.5676064024649
n,124.2490842,201.2463768,100,273.5072464,14.33736993,2068.0038000599347
w,125.3341986,207.7628866,116.742268,496.4639175,20.83428892,890.3666031473906
w,130.5566038,203.8510638,120.0425532,436.8723404,14.72312753,754.0386562419392
w,136.0323194,221,124.0909091,514.0909091,17.60013983,848.1589523767889
w,134.4121951,194.9615385,114.5384615,350.6923077,14.62130447,1640.8501275037129
w,124.3245325,216.3859649,122.3508772,458.8245614,21.00377372,1148.6645775730112
n,132.8688761,177.7954545,73.64772727,190.3863636,14.14739412,1138.996352957079
w,135.6125,173.4,87.8,269.6,15.50999678,2526.812529592121
w,126.3321829,202.3972603,119.7123288,370.9589041,23.43401239,1049.2122085747867
n,141.2662037,244.5185185,134.1111111,681.7037037,28.35291021,1310.0305985550783
w,130.5274815,199.6493506,109.987013,360.3116883,17.74840565,868.2450066739003
w,129.1619348,236.7833333,132.9833333,660.8,21.02712534,828.4878523145358
n,145.4094488,230.6875,118.625,462.375,23.47039358,1480.4894512754856
n,135.813161,199.6481481,90.03703704,516.537037,18.57812629,588.1177336417045
n,133.9360614,210.2244898,89.3877551,428.5918367,32.62128556,147.86222954520917
n,126.0289474,181.125,87.875,371.875,17.42558583,418.4995944780442
n,136.6301887,171.5373134,71.25373134,322.238806,18.31148039,780.4300387395599
w,139.3531469,215.1481481,115.0925926,573.2777778,15.59197676,450.90129987682036
n,111.7477477,175.2142857,77.42857143,244.8571429,18.6984666,1172.3272773502003
w,112.78125,171.2222222,79.22222222,146.7777778,15.18730789,6066.427580667622
n,123.6730769,193.1538462,88.53846154,554.4615385,21.40286991,1425.7333850445648
n,130.7530454,177.5087719,77.05263158,393.6842105,17.98256739,811.2378365325213
w,128.7823344,225.675,118.525,560.225,22.56821603,409.91696930227295
w,140.1569507,225.7142857,137.2857143,622.2857143,19.99706611,1329.1592559587739
n,138.4514286,211.2727273,94,623.9545455,26.85548253,422.05564993012354
n,110.9313433,219.8333333,98.92857143,694.5,18.8092827,1066.9152642752063
n,137.3050542,215.2,98.14285714,491.8,20.13858111,365.382718698932
n,136.3711002,169.4956522,68.2173913,183.4173913,10.31971336,2041.574460529832
w,121.146,191.5638298,108.4680851,437.3085106,19.45046581,539.0253864613592
w,136.1238318,189.5185185,94.51851852,453.5925926,22.63602383,936.1913526610498
w,128.4303483,188.0657895,94.23684211,307.1710526,15.85942837,174.11577712013835
w,129.4390244,209.6774194,110.0967742,482.4516129,25.12772782,254.29293945070222
w,117.3461538,212.4444444,119.1111111,523.2777778,27.10245764,449.364682418596
n,121.3190955,181.64,85.48,286.28,11.94011725,1104.1098088757426
n,132.044711,167.3965517,67.24137931,213.3448276,8.854031643,812.2409582314973
n,116.8848684,208.2105263,97.36842105,591.6315789,32.46912021,728.1085953235348
n,122.372549,165,74.25,276.25,10.9879195,2579.663252763522
n,139.6708333,205.4,93.6,459.6,15.48533356,516.3557690203025
w,119.8088889,216.3521127,121.2112676,485.3380282,22.47102655,896.6172862217344
w,120.011396,224.7878788,123.6818182,542.5606061,26.67835488,1011.7677978154104
w,131.1706485,214.0810811,113.5675676,573.0540541,25.01876578,184.3185781067559
w,138.9517045,234.4545455,153.3181818,514.4545455,32.71050707,3426.076342499835
w,132.480025,198.3366337,104.6336634,362.6237624,17.36100712,600.7674276756237
w,141.9889381,176.6206897,103.6206897,336.6896552,11.23884042,1262.220464105894
w,121.5067308,205.5572519,116.9923664,380.0458015,16.2438264,934.9622182376555
n,134.5968523,243.8846154,112.1153846,769.0192308,20.89406926,612.8524388748626
n,126.2542662,226.1216216,102.6486486,672.4054054,22.47649937,59.32728863429615
w,120.2981651,176.9090909,93.67272727,220.8,20.81877728,345.925258469992
w,110.2874396,180.4230769,91.69230769,306.7307692,16.13405381,647.7397765803637
n,150.4622093,188.6744186,83.20930233,417.4883721,23.35571566,1132.7305430509964
n,113.3680556,191.5,81,449.8333333,16.81012335,1141.8743323282524
w,99.8125,167.4375,84.4375,196.9375,10.51765629,1938.6900888310015
n,119.1684867,231.1358025,107.2098765,741.2839506,19.67219548,272.4067419542593
n,139.0828729,195.173913,80.34782609,455.6956522,14.50219982,1074.7658222867906
n,121.9462025,195.8,93.6,346.8,15.82908715,1135.1345990896762
w,137.206422,204.1219512,103.9512195,513.9512195,23.72377227,386.83314201571085
n,135.9955157,202.7857143,103.6428571,559.9285714,19.22225008,666.1073517292184
n,125.7291667,196.3333333,87.44444444,473.3333333,62.3965811,1623.4058103888408
n,128.3836478,243.1833333,112.7833333,859.3833333,15.06853786,759.799369249113
n,121.4685185,215.7647059,97.79411765,878.0294118,21.56690724,2025.9951367359351
w,113.9976798,214.8571429,135.7857143,452.5,11.77569921,2515.6296883840273
w,144.6740506,210.25,123.55,415.65,17.3795138,1303.9426786594045
n,118.672399,224.2328767,100.3835616,768.6849315,27.55185152,1230.7327155607775
w,106.4891041,199.3846154,111.1538462,412.2307692,24.92640054,1091.8701863281663
n,141.3263889,203.8888889,79.11111111,492,20.29230834,695.1700023646775
n,112.9369104,181.9719626,73.97196262,417.7850467,21.50453277,1494.3890675066866
n,112.8920455,191.1818182,97.18181818,415.6363636,25.01305444,698.9734481935201
w,130.9252336,224.5740741,126.4074074,567.9259259,14.93393086,696.7930657597964
w,130.9252336,224.5740741,126.4074074,567.9259259,14.93393086,696.7930657597964
w,128.045738,224.8241758,135.9010989,507.1978022,18.50717149,1670.5845883620484
w,116.0096774,206.8974359,113.8974359,315,20.03182872,1149.1100102270389
w,128.6991342,203.4137931,116.9655172,339.1034483,24.23590952,1643.931562802872
w,139.9477352,206.6666667,111.2777778,523.8888889,21.20467206,429.79583149228614
n,132.3698454,213.877551,113.5918367,585.3877551,22.95028399,370.909024041897
n,155.88125,206.4,94.2,678.8,12.51439172,1924.4853470248104
n,145.0513834,195.0625,86.9375,351,17.51506048,1165.043648245906
n,114.4959016,217.173913,96.80434783,667.0434783,21.3200142,447.7966222114546
n,131.9603175,201.75,88.3125,666.1875,10.49404593,1483.11187088246
n,110.9431818,210.9090909,92.81818182,625.5454545,34.26971291,683.673251567361
n,167.9444444,208.25,96.375,711.75,17.20056322,3127.2595747217183
n,135.6559524,199.1698113,89.8490566,441.6603774,22.92865092,290.2749843963574
n,119.55,169,83,310,12.00999584,776.4687096425023
n,138.8929664,195.6407767,84.9223301,420.3495146,21.60126322,453.52681283532036
n,137.1009317,162.1707317,64.97560976,159.2439024,9.854986629,4875.473564826121
n,134.7401316,181.6315789,77.42105263,406.3684211,25.14985558,1160.5833111867937
n,105.9821429,215.7142857,105.5714286,775,18.50096523,1641.581708795699
n,140.6629921,182.725,76.15,334.8,17.83730291,713.5934442958314
n,141.197,273.7777778,169.3333333,448.7777778,20.61966469,926.0962583619853
n,127.8590476,205.2727273,93.81818182,716.1818182,23.71169038,1424.36356354019
w,136.492126,179,86.25,499.75,26.54359621,1579.1785635315628
n,127.375,220.5,96.25,662.75,24.46992733,276.9692321469314
n,115.7764706,189.75,85.875,250.5,7.206496635,1175.1266917877454
n,132.7505882,190.4814815,80.66666667,306.7777778,16.84433084,129.57043283456576
n,131.1832461,201.9166667,84.25,377.6666667,15.71159338,102.14039724537366
n,124.3803922,278.4375,154,513.25,34.70269937,3705.438276317879
n,139.7841307,185.9074074,83.2962963,382.1666667,16.9397079,367.4425737275541
w,123.4173554,170.6451613,75.48387097,221.8064516,7.750532861,482.82209605651235
n,118.1569187,227.6136364,103.6363636,589.3181818,28.51032871,389.57742808828465
n,122.041841,185.8333333,79.35,280.3833333,20.01940031,1370.4221006047528
n,134.6636086,182.0243902,78.56097561,254.6829268,17.66049039,1262.1991803998803
n,132.4734848,188.9090909,89.3030303,442.7272727,22.86756699,555.2927882770582
n,127.9208333,226.4,123.4666667,597.4666667,16.83118798,969.7391844945553
n,112.452381,217.7027027,95.32432432,729.3513514,17.79191468,799.6693456737336
n,120.3128314,219.5932203,99.08474576,594.8305085,29.88680166,573.5416340290385
n,105.7421875,163.25,74.25,233.75,8.411301921,1544.56628918662
n,125.2010772,176.0857143,66.05714286,224.9428571,17.63266912,540.6034083240166
n,116.0628019,187.6153846,80.69230769,407.1153846,27.19154607,1096.6223859852967
n,134.2827298,262.0888889,167.3333333,426.4666667,14.22985906,1422.9253800823544
n,131.6287129,244.1052632,140.0526316,592.2631579,25.11939633,2227.59410171748
n,146.7479839,224.6451613,110.6451613,546.1290323,19.4187654,1146.2713106327287
n,105.9621849,187.5333333,82.46666667,347.8666667,13.6570698,1705.7012181037494
n,112.6272321,117.2105263,50.57894737,309.877193,22.6178661,7317.151463413237
n,117.7002725,245.0652174,115.0869565,680.6086957,16.4968491,534.9585712967946
n,129.2612613,189,82,456,18.8289833,1054.0131644332112
n,127.4291667,241.6666667,135.2666667,559.2666667,25.40341184,1572.1967966067832
n,116.2102138,241.5471698,117,789.2830189,19.67518365,131.7073306106048
n,116.8474843,249.925,111.875,667.55,15.70915338,572.2626836977611
n,128.1609499,278.2291667,164.8333333,424.4166667,12.7079918,1740.8648940509543
n,118.9467742,210.6666667,89.84615385,529.1538462,36.24006813,327.4032950279117
n,133.2729469,203.6538462,88.92307692,515.2307692,27.76454254,417.08466103173663
n,127.0138889,245.1111111,133.2222222,358.8888889,13.80016103,772.2467803943896
n,146.8085106,216,114.6666667,474.3333333,20.04370225,767.8865332935744
n,81.125,195,81.8,356,10.90687856,3044.8390424167333
n,125.2554348,208.0571429,103.6857143,328.6857143,14.94004344,763.0229951973589
n,142.4962406,224.68,99.92,661.4,31.10269442,465.3295702818083
n,125.7534247,242.5217391,111.7826087,795.4347826,22.63635432,27.57076883101295
n,163.6696429,257.1428571,163.7857143,300,10.38444677,5276.770570389707
n,118.9278846,240.5384615,117.5384615,510.8461538,41.20794431,1321.7740195098377
n,116.8708861,273.36,158.28,494.2,22.58020372,1763.8653435927354
n,136.1890244,235.7619048,125.0952381,630.1428571,19.44618716,805.9129884777052
n,132.3554688,192.5625,97.5,487.5,30.72229443,437.8090747871627
n,126.1730337,171.1428571,79.78571429,325.8571429,13.69045549,679.9441574135457
n,149.0551181,273.125,138.25,619.3125,20.02615477,4025.643878515107
n,130.00625,202.5,88,510,30.18940211,563.6262617266154
n,129.3477157,208.28,93.36,779.56,17.68416241,2002.4392359050335
n,131.9672365,228.5227273,105.7272727,774.3636364,23.33532066,697.772240678606
n,130.75,263.8235294,135.9411765,666.7058824,22.87365629,1965.9454331371333
n,135.2966667,192.6842105,83.52631579,460.1052632,27.92074259,729.3227334251216
n,136.1504854,178.6153846,85.46153846,343.7692308,16.26954901,1075.106007972977
n,140.1536797,284.6551724,167.9310345,502.9310345,13.82023194,3420.9078951622614
n,118.2882022,267.3571429,162.7767857,498.7232143,12.70211283,2202.4727734616063
n,104.2940685,372.1266667,244,292.6733333,31.27411496,6271.884075546632
n,121.5386819,186.0909091,80.90909091,297.3636364,30.90240569,573.8573922773626
n,109.8367347,236.3488372,121.255814,518.3255814,20.97096811,1157.977910569368
n,127.4961686,227.1818182,125.8484848,281.4242424,12.33984639,2704.324981921263
n,122.6241935,185.4615385,77.87179487,382.1025641,19.38403879,352.98832038439105
n,131.83,244.4,146.48,471.8,19.88551231,539.2891403469814
n,136.637605,235.0666667,108.75,633.9,24.29020722,421.6900781586454
n,135.6507042,237.1111111,144.2666667,443.6888889,15.65340652,879.0698189370133
n,127.1433824,214.4117647,128.6470588,261.3529412,16.67312447,2145.6285438458212
n,122.6624294,352.5730337,233.3707865,372.8651685,21.70358438,2511.57453371041
n,149.7162162,253.0714286,135.4285714,319.1428571,26.84279632,2848.9833545255124
n,135.904943,222.3939394,98.81818182,635.1515152,32.12930144,378.0283432544681
n,126.9334719,193.5409836,96.2295082,270.557377,17.72873322,2113.9828699203404
n,134.956962,305,176.32,289.36,9.795182489,4508.454856117146
n,122.770206,184.75,90.55,218,12.22661032,118.29341600649812
n,138.525,208.45,90.75,607.15,43.52413124,1016.5939413117767
n,123.5256299,234.7808219,109.3972603,767.3972603,16.73933367,778.8866877547848
n,122.7985948,262.7777778,129.4074074,737.2962963,26.68199148,1133.8315473522193
n,129.7841141,261.2903226,161.6451613,405.1612903,12.14840594,1850.5105923524163
n,117.1099476,1848.916667,1594.583333,1597.333333,16.61241169,2418733.995895136
n,141.3060109,190.2608696,92.04347826,576.3043478,20.34215826,1398.9907054462346
n,139.0508096,210.0176991,109.1504425,248.3097345,14.80460884,1933.0111507883094
n,127.2306176,430.28125,293.6458333,341.6354167,12.07636293,7005.0035968126585
n,127.0295809,180.7142857,79.19480519,171.9350649,12.66055932,2461.7540177939313
n,115.2224317,225.7014925,106.5671642,472.641791,13.5561997,750.7098587532405
n,131.787703,237.7037037,110.3333333,722.1666667,23.79729786,75.20559404682913
n,127.53125,200.25,82.75,374.5,20.19746271,81.44164343388526
n,128.1815224,244.6804124,140.2371134,414.6082474,23.70457546,2077.46098032412
n,125.4286511,279.0701754,189.1666667,334.254386,8.140317793,2689.903259335168
n,125.1016949,245.0666667,116.9333333,681.8,17.28377531,516.2433402270465
n,129.424,180.75,86,218.5,12.03624085,66.30024358472227
n,128.0407524,237.85,185.35,275.2,20.48072264,3153.0185116413427
n,119.9715909,204.8181818,98,482.4545455,41.87723104,418.666705497318
n,133.5453461,234.8113208,133.4716981,548.7169811,22.5446829,1690.692628362896
n,129.7637162,217.9770115,129.7931034,228.8505747,19.94400273,1550.453452093665
n,123.5543478,202.826087,106.3913043,364.5652174,17.31406762,622.1243548082177
n,121.5490279,276.22,175.5933333,402.62,13.39457436,2346.131537951824
n,119.0766871,247.9512195,113.3658537,808.0243902,24.83005893,314.71658143839966
n,107.9444444,197,90,451,8.2148874,1263.8949391821016
n,119.7319277,182.2380952,74.28571429,301.6904762,22.94427836,543.8126437557573
