class,GLCM_pan,Mean_Green,Mean_Red,Mean_NIR,SD_pan,SSE
n,109.8285714,183.7,82.95,251.75,16.0794123,1421.320525965416
n,130.2844828,212.637931,96.89655172,482.3965517,21.21029549,341.3225468149107
n,131.3865546,185.4666667,85.46666667,419.6666667,13.33999833,812.492526319967
n,141.345098,180.875,81.5,348.0625,18.21357667,943.9934292776499
w,121.3834081,218.3571429,112.0178571,426.6071429,19.08319594,1524.0255591331768
n,122.7575758,205.96,86.76,407.68,17.82357989,172.85134529731653
w,124.0102041,215.5945946,117.027027,477.2972973,24.57462807,698.7535955612137
w,125.6084071,209.6491228,121.2280702,443.2807018,25.75731376,1154.7039530611798
n,107.7458333,204.1333333,83.46666667,479.8666667,22.95696457,833.4409812360168
n,140.2039216,188.59375,84.4375,457.25,30.19375906,726.6398336219835
n,122.7924528,199.7407407,108.4814815,384.7407407,23.01890587,559.6053140834456
n,117.427907,191.1851852,86.55555556,429.7037037,24.76556749,1157.655017404883
n,130.9663568,256.3521127,166.6830986,506.9647887,18.46224239,507.68041729025094
n,132.6788212,259.1269841,170.3412698,519.9126984,23.55045831,907.8854342498242
n,132.6788212,259.1269841,170.3412698,519.9126984,23.55045831,907.8854342498242
n,133.7529762,179.7142857,85.23809524,387.8095238,19.73222097,694.5718276008622
w,116.9489529,214.5625,127.75,390.2083333,23.07050636,1735.5658527106489
w,116.9489529,214.5625,127.75,390.2083333,23.07050636,1735.5658527106489
n,136.4417989,214.0416667,115.25,579.4166667,17.01041348,445.1354597006848
w,125.0748032,254.8125,147.5,388.25,20.22442444,903.4949530707838
n,144.1078067,186.9411765,77.35294118,468.4117647,20.46839069,1052.2144082836967
w,121.0942029,219.4230769,122.4230769,536,30.7144705,744.9296366479198
n,136.5666667,196.3888889,86.66666667,364.6666667,24.78437879,1332.0056055194702
n,115.8912281,220.3333333,103.4722222,588.3611111,25.09148385,124.9779090678709
w,132.5069444,206.3703704,109.2592593,532.962963,28.78142405,259.4416737137528
n,121.0646688,189.125,92.575,289.975,14.14204724,1407.7541900937717
w,138.3922652,200.2352941,103.2941176,431.4117647,22.16531159,1264.6403165372658
n,124.08,219.1590909,98.25,638.0681818,22.00022305,254.97787913457455
n,139.5067485,231.1568627,105.8235294,780.7843137,27.49605543,433.60193374730125
n,99.15972222,241.2222222,116.7777778,644.2222222,34.62818377,1143.6653033116224
n,142.8863636,196,86,408,23.26562392,335.24276124021094
n,115.4145861,248.3854167,119.71875,695.1666667,16.55538041,748.1000660102073
n,126.4508929,170.7142857,70.21428571,251.9285714,27.89448047,2183.274475747635
n,116.1842105,185.28,77.58,414.18,37.86887376,1007.0363819887807
n,127.3010417,202.5666667,112.2333333,390.6,19.31449513,551.3850605232308
w,131.2553846,188.8433735,95.21686747,246.4578313,12.9995701,509.52656223880655
n,120.9151786,194.2857143,86,364.8571429,28.25440186,1361.4256616235944
n,132.0470325,173.0877193,72.15789474,230.3684211,10.49943937,1202.6159885992415
n,113.4296482,178.52,78.96,209.48,8.50449293,1275.4254241777867
w,139.4305556,200.5555556,111.1111111,484.2222222,24.51303508,795.3397002734565
w,126.8205128,203.244898,107.1020408,435.4081633,19.46005852,1077.1960623123787
w,128.1207658,196.3023256,111.3953488,345.1860465,17.70196751,935.824670768254
n,141.8242188,220.875,101.8125,784.5,36.68696763,1118.4023519556004
n,131.6105442,208.7567568,93.91891892,596.4054054,27.19832204,422.1106846170101
n,132.0265096,244.0697674,123.2325581,703.9302326,23.60163803,406.6557241476437
n,138.5376176,204.225,103.675,343.4,27.87372194,773.7962578187135
w,131.8457944,184.9705882,91.42647059,307.3235294,15.18652768,478.1808891860643
n,136.7425432,190.6875,81.85,338.6,19.53598843,306.81915310644007
n,113.2250923,213.2352941,106.2941176,501.3529412,16.60283046,1019.8576983869569
w,119.6692913,200.5,104,328.25,14.75211849,400.7456852409481
n,116.0950783,185.0535714,81.05357143,344.625,19.46463794,721.0034118242212
w,130.5940594,188.8421053,99.73684211,314,15.05403472,331.100213092458
w,130.3398414,211,110.815534,616.9805825,22.95875313,1121.3881012244153
w,112.8675497,207.3684211,117.8947368,544.1578947,24.35995078,945.1912212247872
n,129.10625,171.1,66.6,225.2,19.1039263,1552.860715082913
n,134.9041667,212.4666667,92.4,633.2666667,30.30174179,713.3233776603939
n,115.4009662,205.8846154,89.57692308,397.5,22.93833385,197.35259297195893
n,113.96521,216.4797297,100.2567568,507.0945946,25.83007188,584.3591292524028
w,131.140625,206.6875,107.0625,561.1875,29.75498908,974.4316683401281
n,139.0142857,183.2727273,78.77272727,365.5909091,15.50159949,1822.4262377548687
w,113.9635417,195.0555556,106.5833333,303.7222222,24.09158195,1032.2377078279471
n,122.7918437,192.2702703,78.75675676,314.2702703,19.13395648,269.27467080940414
w,136.1621622,189.5714286,99.57142857,331.5714286,15.59042092,274.56045114010044
w,118.1553229,176.8611111,87.55555556,262.0833333,21.75301526,1981.35680244012
w,132.325,203.6,120.68,378.32,24.0028665,1347.5138090245728
n,142.8647059,185.3125,77.5625,363.75,16.21908116,1920.7670517265788
n,112.67621,226.6195652,103.2608696,857.9130435,29.83076082,1571.5094606144482
w,128.6824324,222.3928571,131.0714286,448.0714286,24.36143657,1758.603532840068
n,137.8736842,180.8333333,75.0625,369.75,21.95330232,1668.07411939442
n,108.1344538,199.3333333,107.0666667,253,20.50907658,1380.6001461764783
n,129.24375,189.75,80.3,268.1,25.52307779,2113.743911747923
w,117.8786765,175.5294118,83.88235294,188.2941176,17.01576716,2258.6508602841604
n,136.9319853,174.6470588,75.79411765,268.2352941,13.46789082,2727.6210618215528
n,144.0801394,200.4444444,87.77777778,441.3888889,23.02387381,912.3441480170223
w,119.4798206,191.9285714,105.7380952,331.952381,22.49178484,455.64920118047075
n,132.9343066,218.9534884,96.41860465,677.6046512,22.5968979,1085.1398165534752
n,114.50625,219.6,96.7,910.8,20.97832214,2949.840139434976
n,136.866242,223.8983051,101.6779661,711.1186441,22.41252266,309.6954908600897
w,136.3557692,221.1538462,117,672.1538462,16.63104675,950.3918382152325
n,125.828125,211.125,94.6875,508.1875,14.85713213,514.1261559261973
w,133.4033784,183.3870968,94.92473118,292.6021505,18.9325436,1272.319689227292
w,121.546875,178.5,82.5,374.5,20.0869205,1296.7542968817565
n,129.58413,168.4242424,72.57575758,184.9090909,11.08984305,3142.633397043934
w,132.0631579,188.6666667,97.2,262.8,12.13095215,1450.401566348047
n,118.1464738,176.3714286,79.92857143,219.2571429,14.6531671,912.0964113672693
w,124.6289474,189.4166667,99.04166667,347.3333333,24.65339592,678.1910506246209
w,118.1692825,238.625,156.875,529.4107143,19.6485706,1487.1021835837569
w,123.2474645,202.2741935,110.483871,460.2258065,18.71215223,365.26945061928865
n,121.6354167,186,83.83333333,482.3333333,15.12631996,1092.9737958430155
w,135.1648936,203.8055556,114.6388889,391.1111111,12.83402475,798.3730064593846
w,129.9245283,214.1,124.1,452.6333333,14.29778538,1132.1135178917789
n,113.8019324,202.6923077,91.07692308,577.2307692,37.29016242,963.657834478835
w,138.3977273,210.9090909,114.3636364,637.5454545,24.68432935,627.0975385489827
n,111.8917749,227.0689655,105.5862069,602.3448276,20.10442418,508.1251732814443
n,109.8671329,208.5555556,94.38888889,716.0555556,26.68292329,1164.973312095093
n,127.2515723,209.15,92.975,496.425,18.74939999,1039.750577096681
w,129.8480204,204.122449,110.6938776,418.244898,23.12530378,741.6946646791464
n,113.6688103,206.6153846,97.76923077,687.3076923,32.38612782,1752.9008917508518
n,122.282967,195.826087,85,442.6521739,29.58547899,827.5216628918027
n,120.9621212,225.7931034,99.98275862,731.0517241,23.09945925,534.341642547871
w,131.2760417,192.75,98.41666667,431.8333333,20.13909962,1192.5588178055268
n,133.7542614,198.6931818,86.14772727,549.0681818,29.50805325,940.2325541156853
n,137.334127,187.2531646,75.55696203,299.4810127,17.52136517,973.1950107605488
n,118.7304786,171.8,74.2,231.6,13.60505788,1302.486333570684
w,127,179.4,82.6,245.88,13.4339272,910.6870746196954
n,141.5606695,178.0333333,72.6,227.8,18.80806565,1042.6858175537693
w,118.7477273,199.3928571,121.8928571,425.7857143,22.47614949,1736.846986753962
w,135.1086538,232.1538462,137.5230769,545.7230769,24.53084521,2257.5014245699263
w,116.628692,232.3333333,149.6,530.6333333,22.20532969,1847.6757324587934
w,126.7958057,204.4561404,110.4912281,370.2982456,16.44017855,1301.2169410240099
n,126.7063037,194.5227273,95.11363636,337.1136364,10.86056918,291.4330420376198
w,107.0446429,212.4761905,125.3809524,464.7619048,21.26253132,1413.3574127048012
w,131.2481203,209.72,143.64,410.16,15.3123349,2445.1998281784727
w,122.3734043,207.9491525,117.2711864,532.8474576,26.87721985,466.40298445220276
w,124.0222222,205.4318182,135.1022727,411.2954545,16.42098536,2165.251303364071
w,128.8066915,183.8823529,96.17647059,369.5882353,16.43883494,1293.466406787321
w,140.6702586,197.2068966,116.9310345,361.6206897,15.92282219,2293.1280477405326
w,132.186551,205.2413793,114.6551724,491.5172414,17.21266575,1164.532077037294
w,124.2834646,210.75,124.5,556.25,18.38806933,1579.136749984064
w,126.4571226,207.5955056,110.4606742,446.1235955,23.71210889,593.558914116906
w,132.7681564,201.3777778,110.0222222,483.7555556,22.67411642,641.7767215749625
w,135.6746231,188.98,101.98,329.99,17.85854137,298.8436777207798
w,130.3920455,220.6060606,114.7575758,610.1212121,25.92990481,676.7468142408738
n,118.2348485,159.2,70.88,224.44,16.6997006,2269.256364574538
n,129.2234043,226.7457627,102.6949153,674.5084746,26.14331922,712.0154122599765
n,125.9456067,173.5333333,79.13333333,386.3333333,12.33135119,1242.8584951222388
n,123.2146597,176.6666667,82.5,280.3333333,14.86303207,2476.839029640142
n,126.0198864,186.1818182,79.90909091,359.5909091,16.30165027,1378.466733494599
n,133.7270115,176.3181818,77,276.1363636,13.21031403,2986.0450195488243
w,126.8116279,190.5555556,100.8518519,307.0740741,18.02535937,518.9629544140951
n,101.0346821,190.0909091,80.81818182,319.3636364,23.77303146,929.0560203001828
n,128.9846678,208.5945946,96.51351351,715.3243243,18.38739842,901.0585459503718
n,115.6785714,186.1428571,76.42857143,351.5714286,30.35840334,1210.4672804668485
w,120.9812109,216.5,121.6666667,656.8666667,25.89328527,508.17027436768035
n,143.4582245,191.9166667,79.77083333,353.9166667,18.09230768,1125.4866323484816
n,115.6571429,203.7272727,84.31818182,551.9545455,21.99929563,1089.1957191458018
w,132.6560748,160.0294118,73.41176471,279,12.24296281,3710.8402706760453
w,125.5356522,193.2876712,112.3287671,339.8219178,15.30558189,831.283798479936
w,128.393617,211.4666667,119.3666667,530.8333333,12.2122434,669.2633747555724
w,115.5427975,205.2333333,124.1333333,408.0333333,15.10294305,1421.47796221398
w,126.3706177,212.5789474,127.9473684,546.3157895,18.98118328,1311.242651028553
n,127.0167526,207.244898,97.67346939,420.5918367,16.11818595,579.162802021885
n,114.7521008,186.8666667,81.86666667,518.3333333,20.55834516,1312.0818621447263
n,123.0756303,204,88,449,10.19716736,586.5194356523656
n,125.101833,181.2258065,76.64516129,321.7419355,21.77856587,378.5407680233433
n,141.2159468,178.3421053,78.42105263,309.8157895,18.32229165,785.4969354314813
w,113.6473214,222.4285714,149.8571429,530.7142857,34.42093869,2703.473125567353
n,106.359375,198.8333333,89.16666667,609.3333333,16.68498993,1805.2821961651864
w,137.6432039,204.9230769,111.0769231,512.9230769,21.0960399,594.0425519309157
n,140.2080645,197.7179487,81.41025641,535.8717949,25.72930955,817.2721249484712
n,122.2115978,210.254902,93.30392157,439.7058824,24.00887515,690.9950972927691
w,120.3958042,226.6333333,126.6,659.5888889,22.56439072,639.2468082797266
w,132.9739264,195.5853659,113.6585366,392.8780488,22.42210391,612.6279378024876
n,110.8072917,188.6666667,77.5,446.5,18.705874,1419.9185724262038
n,135.0933504,211.8571429,91.44897959,527.755102,28.68770799,121.34052676946978
w,121.1986947,197.4712644,118.0229885,351.5747126,15.52560013,1664.2003294639387
n,133.6180582,160.9821958,66.87833828,156.9139466,8.763332235,7075.877702468777
n,118.9774011,189.1641791,82.62686567,330.9850746,20.03834595,216.40436253628383
n,138.5756458,188.3088235,78.92647059,292.8676471,16.81463154,1290.8011414346456
n,119.561939,189.7285714,79.5,392.8428571,30.27374764,439.93659477884313
n,133.6192661,172,68.14285714,239.1428571,8.705206043,1631.8560026064906
n,124.5267309,188.0277778,97.22222222,356.2916667,17.16091238,1137.9459073925968
w,134.7539185,195.425,103.55,450.375,18.68361582,528.0924372750717
w,120.982699,209.5616438,121.4383562,461.9726027,19.34086493,789.8127589189022
w,116.5738636,226.7878788,143.9393939,582,30.48298085,1758.1959482330137
n,117.0631313,183.84,87.16,410.08,20.41826633,581.2431858083814
n,137.6919643,213,94.07142857,493.6190476,38.11213911,1087.7868748952042
w,113.7688442,181.44,100.12,271.84,13.88028818,2673.528128939279
n,117.1019523,196.3448276,88.55172414,373.5862069,17.90608344,874.6804712846999
n,112.9480874,217.9565217,95.13043478,564.8695652,22.70023275,786.4107860597967
n,123.2102273,184.75,80.20454545,490.3181818,28.38550839,1477.2862005747977
n,134.6104167,208.9666667,97.56666667,756.7666667,24.66162111,2208.2254478779428
n,131.3117831,160.0107527,68.02688172,174.1021505,8.570951487,4987.676419432562
n,120.8501281,172.7702703,70.0472973,240.6756757,13.77809236,1568.0081485402004
n,129.1451613,194.2571429,80.08571429,382.0857143,15.1000473,557.7875860867725
w,121.8731778,178.627907,88.90697674,294.7906977,12.32733643,1337.241275700797
w,146.2617188,206.34375,109.375,536.03125,15.97348878,739.1677479030254
w,121.2910053,210.8333333,117,661.6666667,19.36258563,692.5041676423372
n,138.3596838,190.4375,101.3125,426.125,20.48770592,1041.2609651470239
w,125.35625,206.4,115,439.6,11.67946917,1230.2844489221668
n,129.6364847,200.1702128,104.4468085,419.7234043,25.53952014,590.0132712105309
n,130.6008065,192.5238095,84.66666667,346.2063492,18.74454653,472.89468654683606
n,129.4633286,203.5168539,88.95505618,341.4494382,17.43295994,338.1856621842713
n,125.3576288,169.7076923,69.67692308,223.0153846,21.03398209,1519.080974679549
n,111.625,186.5,75,281.75,19.98015509,2462.028194290303
w,114.5436047,207.9069767,134.627907,437.5813953,28.37009143,2512.716898946191
n,119.407767,186.9230769,74.23076923,274.2307692,27.07539331,3011.3231800272406
n,117.828125,202.5,86.5,409,11.29988938,381.839438313228
w,133.7398374,207.6129032,127,495.9354839,13.00212101,2063.173749821616
w,114.8968254,202.625,97.75,505.125,20.79926381,812.4855400981046
w,132.7389079,188.3513514,101.5405405,456.3513514,16.81141913,603.53815926985
w,146.2931034,204.2727273,119.0909091,433.2727273,10.67243301,2100.9798760912818
w,138.7069182,201.72,105.68,426.8,19.24681792,1079.4652162739242
n,142.2473684,197.25,97.25,433.25,11.71418893,1495.3863623863297
w,124.2546053,222.8795812,122.2356021,567.8586387,21.2399027,726.6564374299563
w,138.0486486,216.5142857,112.4,533.9428571,28.63740953,371.4952356733346
w,135.7036424,223.4473684,118.3684211,610.2368421,24.7107365,837.939532335369
w,125.6485849,201.3018868,103.1132075,590.1886792,23.6300097,492.34768364661073
w,125.6485849,201.3018868,103.1132075,590.1886792,23.6300097,492.34768364661073
w,129.7415094,209.8208955,118.1492537,467.1044776,18.91673139,568.221763847872
w,130.1073201,209.1176471,113.8627451,530.5490196,20.01553606,334.2950384401102
w,115.8205282,221.3714286,146.2,497.6571429,15.18938644,1959.1017566645949
n,114,207.7428571,99.14285714,599.1142857,26.90882565,565.9351107972279
w,123.0129241,191.3333333,105.7948718,439.2307692,15.38376066,1197.1711519260086
n,137.384106,215.9210526,97.21052632,439.3684211,17.36525091,846.9018089587704
w,124.0708915,200.7288136,119.3559322,389.3898305,17.66383074,962.0942241424618
w,129.221374,206.8536585,116.8536585,483.6829268,21.8256844,828.9502139068661
n,124.359322,201.6216216,86.91891892,575.7837838,20.82210995,905.8379539090741
n,128.7908082,233.0506329,102.443038,734.2911392,25.60757304,542.7156821871445
n,132.8122218,193.7225806,82.62580645,342.2516129,18.59430501,347.34924737251265
w,116.3685377,217.0823529,124.6352941,480.2470588,22.01677247,1334.689895615185
w,141.784375,196.8,115.65,390.35,20.50725481,899.8511723846673
n,146.4285714,192.5,88,593.5714286,28.3283409,1632.3205611827034
w,122.7978339,202.3428571,132.4857143,322.2857143,15.8353776,2053.349341028868
w,125.4544583,187.2575758,91.87878788,239.7575758,14.63444997,341.85466871237
n,87.58730159,186.25,84,360,14.84082208,3092.475701443778
n,123.2323944,190.3611111,91.36111111,289.1944444,19.93531205,1366.8479728171687
n,116.7165354,190.875,83.3125,376.875,24.85929152,829.6203126577439
n,127.5331325,203.4761905,86.95238095,470.6190476,23.62672686,131.15581510195344
n,106.837963,193.6666667,83.2962963,512.3703704,34.45913665,1370.5728381776676
n,145.6519208,191.9814815,83.42592593,425.7037037,23.55864905,1127.0260259990537
w,150.0958333,224,136.4666667,529.4666667,14.09428568,2218.6114564268983
w,116.4904014,229.9166667,153.2777778,525.8611111,27.46389324,1774.7834759854443
w,142.3697917,224.8333333,121.3333333,695.75,24.07396011,823.6291335394151
n,128.7094499,197.2666667,88.84444444,483.3777778,29.67349901,527.1696932968257
w,129.681883,197.6818182,120.6136364,420.0227273,18.9515885,1330.2041372820954
w,132.4672657,216.755102,118.4489796,584.4693878,22.55926528,303.6646996906353
w,130.3378871,210.2898551,130.6956522,488.942029,21.31990953,1847.8988051807016
w,119.3576923,215.5714286,128.3673469,476.6326531,14.33103598,1488.1386796293023
w,130.7209302,211.7777778,115.5555556,499.5925926,28.37713873,1078.9878649313061
n,120.1788909,219.2,96.25714286,492.4285714,20.62940738,966.5572760239809
n,130.5708661,207.3125,91.75,443.75,10.34936592,686.5888832290118
n,130.7885375,175.9375,73.3125,285.375,15.62449999,2230.658689790471
n,136.8984375,188.5,84,429.75,39.90452473,1458.0844083237864
n,121.1797753,180.4705882,86.76470588,292.3529412,11.667577,1457.0238726316522
w,137.9975,236.4,127.52,673,29.05762551,1318.4790006257547
w,139.8922156,229.8571429,139,515.3809524,31.6096515,1804.119714465207
n,93.94791667,184.1666667,81,462,25.32730191,2026.4688602267793
n,147.0261194,175.0882353,76.94117647,244.0294118,9.242597337,1499.2494363256858
w,132.9487952,212.5238095,133.7857143,469.2142857,17.37377543,1592.5935044487749
w,119.9807692,215.1538462,145.3846154,493.4615385,14.78709857,2558.925651196503
w,150.1810345,225,145.6818182,540.5,13.90767967,3210.6846224390356
w,128.2911184,232.9736842,129,558.7631579,18.24936913,1582.5611481072008
n,120.34375,196,84,385,32.67856926,437.6384477495537
n,129.6281994,174.7042254,73.33098592,239.5704225,13.46486424,1203.3982522756255
n,131.3755507,187.3684211,76.92982456,364.0175439,24.13099064,1675.2140324784677
n,132.6484594,168,76.26666667,220.0666667,16.20510512,1320.6955195630376
w,122.03125,176.25,85.25,335,14.43952908,575.0480121678387
w,119.3797468,195.6857143,109.8571429,411.2285714,14.16503312,699.301421724873
w,127.4698355,182.2173913,88.01449275,254.2898551,15.52526381,1100.0215867526726
n,123.5149343,221.7238095,103.7142857,736.4380952,27.49588961,800.038211524074
w,136.797066,210.3461538,121.4230769,513.6153846,11.95980695,1031.3109457169091
w,122.2983784,213.5517241,127.1206897,527.2586207,22.9267367,871.4142355818127
n,104.3125,202,93,413,18.58015668,795.7203095239562
w,121.05,224.3148148,144.0740741,465.0555556,21.07281289,2707.3537894082333
w,133.5325385,192.8031496,110.2834646,349.8346457,21.06601347,1109.6065963836177
n,119.1328125,196.90625,87.90625,442.875,39.36357721,973.4285008454202
n,144.1261261,239,132,567,15.77391285,1851.6110885482776
n,128.8403361,170.9333333,71.66666667,287,23.55381545,2358.8563618452317
w,109.9663866,194.6,99.53333333,361.4,23.74718697,1816.8723614881517
n,101.575,208.8,95.2,513.2,31.08311439,923.0428227837878
w,117.5590278,225.2222222,123,541.3888889,28.12472222,1026.5731686779393
w,122.537799,221.3787879,136.7121212,456.4393939,17.55835737,2051.849400083547
n,139.9740854,221.1219512,101.7073171,624.6097561,37.42081864,913.4105223046488
n,105.4791667,339.6666667,206,609.3333333,41.34811564,14043.511427876048
n,125.0632008,211.2903226,98.64516129,453.4032258,13.29898129,308.3285069946448
n,112.8823529,194,80,391.6666667,16.19821664,544.6579005855812
n,129.3402778,183.6666667,72.33333333,356.6666667,29.20806586,1469.2840595346468
w,122.006993,239,139.7777778,542.1666667,23.84673283,2319.0423971962878
w,125.8109339,195.5357143,102.6785714,361.3214286,15.27014394,1549.8372529635324
w,137.2228916,216.8269231,124.4423077,458.8461538,28.77054193,1038.2627559738041
w,127.9921875,199.75,102.75,566.75,36.8593187,1070.4590969387862
w,114.2310231,221.6578947,132.0526316,563.8947368,36.53340596,1584.567978304218
w,130.5623836,216.3235294,124.6764706,566.6470588,16.8644094,987.0026128649898
n,138.3340564,166.9310345,67.10344828,317.5172414,14.91473985,1457.0304980778617
w,130.3864307,185.8139535,96.39534884,277.2790698,22.65257147,2457.092892403269
n,122.25,167.5384615,77.92307692,272.9230769,18.81331519,3484.071916092994
w,138.6723301,207.7307692,114.9230769,537.2307692,27.57646711,561.2023699747515
w,131.7955626,211.45,111.45,598.5,31.4721206,382.5924330857192
w,114.885,216.76,132.72,567.72,29.51869916,1385.585093120606
n,134.309816,198.7804878,91.65853659,352.0243902,20.94345238,766.8537763928102
n,117.8881579,177.1578947,74.94736842,340.3684211,35.7076464,1110.4031821109181
w,128.2168675,179,87.28571429,257.4285714,14.92353906,1408.4978303631751
n,140.9606414,213.5581395,108.6046512,620.5116279,21.70349382,1208.5676129063065
n,128.6953125,197.1875,86.1875,608.4375,20.65755007,1482.2645306102825
n,117.1502732,179.2608696,85.52173913,303.0434783,24.12099306,924.7171829634493
n,126.282154,185.4125874,87.00699301,283.041958,11.65932042,1972.2094182096096
w,117.0537975,189.95,102.7,328.6,27.35191949,438.64523482328457
n,133.1768813,198.691358,92.03703704,244.617284,20.49990985,366.94397177960775
n,132.70916,172.4379085,69.73856209,144.875817,5.772400124,8057.248111481548
w,127.5291925,249.019802,157.7227723,609.970297,17.05466166,4180.57369911079
w,121.4879808,226.6153846,138.8846154,470.9230769,23.96508802,2319.648372536671
w,123.588685,236.5121951,144.4878049,675.2439024,20.62070715,2383.7343835568795
w,118.622449,229.5405405,131.027027,485.4594595,21.1998732,1801.1898619061321
n,138.1205357,183.5714286,87.57142857,505.5714286,27.49471192,1665.6406612216228
n,150.9195804,191.5555556,91.11111111,622.3888889,14.2210286,2930.45824743684
n,127.4132492,173.6,74.5,331.05,26.82624648,757.3280413475774
w,132.834753,189.8648649,96.43243243,367.4594595,21.00645141,1224.6804284577615
w,120.2586771,229.1770833,144.1458333,519.8854167,19.70034854,1574.1679379697364
n,108.2270531,159.7692308,73.53846154,201.7692308,14.89211697,3051.927172498577
w,129.0821053,219,155.5666667,452.4666667,13.44205672,2828.5740288006737
w,132.9057971,203.8461538,110.6923077,451.5384615,23.31711538,458.19694528646886
n,144.4014337,197.1714286,87.2,570.7428571,21.11890535,1554.4457925086604
n,128.6319544,207.2954545,97.56818182,384.2954545,16.74408971,359.8008172572313
n,141.5524476,257.7777778,149.25,292.6388889,17.93891814,3763.5339173171596
w,110.2834646,223.21875,131.0625,487.4375,18.24828759,2367.2143312833787
n,118.8860294,168,74.35294118,322.4117647,18.52259445,1084.2849238483032
n,111.7074074,198.2352941,89.47058824,632.4705882,32.16781258,1639.4445349814418
n,124.4478022,165.9130435,75.08695652,278,12.51751136,3378.844989177719
w,135.895288,192.3055556,90.69444444,339.2638889,17.43280198,269.68115263417224
n,126.6640316,229.5625,112.65625,652.75,20.14902971,116.14163420801707
n,131.4197039,182.036036,76.68468468,276.9369369,18.71026943,2659.53083014325
n,130.371875,195.15,89.05,494.15,25.51249694,1071.3918054724977
w,127.6601442,197.6393443,108.295082,411.1147541,21.23836134,451.992514053466
w,125.3138075,210.3,114.5,517,23.19839554,398.49166127660936
w,135.3374233,196.1612903,112.7741935,487.3548387,13.54792626,1135.5136174432869
w,133.5585586,208.8928571,113.1428571,458.3928571,29.55665176,402.54873330993655
w,143.0229555,212.2045455,124.4545455,487.7954545,24.12145362,1585.7001613288007
n,108.8609865,233.7857143,107.9285714,806.4285714,19.14418972,1052.4463586904747
n,124.2490842,201.2463768,100,273.5072464,14.33736993,2295.20547232544
w,125.3341986,207.7628866,116.742268,496.4639175,20.83428892,1360.3426142037672
w,130.5566038,203.8510638,120.0425532,436.8723404,14.72312753,1534.6900558981745
w,136.0323194,221,124.0909091,514.0909091,17.60013983,1026.004433599079
w,134.4121951,194.9615385,114.5384615,350.6923077,14.62130447,1393.8945299327622
w,124.3245325,216.3859649,122.3508772,458.8245614,21.00377372,869.8624629678914
n,132.8688761,177.7954545,73.64772727,190.3863636,14.14739412,2178.107665235526
w,135.6125,173.4,87.8,269.6,15.50999678,2579.5549916819223
w,126.3321829,202.3972603,119.7123288,370.9589041,23.43401239,1645.0049247000975
n,141.2662037,244.5185185,134.1111111,681.7037037,28.35291021,1939.567464299685
w,130.5274815,199.6493506,109.987013,360.3116883,17.74840565,1723.432631423678
w,129.1619348,236.7833333,132.9833333,660.8,21.02712534,1037.353081039627
n,145.4094488,230.6875,118.625,462.375,23.47039358,1318.8202540446416
n,135.813161,199.6481481,90.03703704,516.537037,18.57812629,537.0469530769682
n,133.9360614,210.2244898,89.3877551,428.5918367,32.62128556,1025.633514004082
n,126.0289474,181.125,87.875,371.875,17.42558583,1243.041585836983
n,136.6301887,171.5373134,71.25373134,322.238806,18.31148039,947.462049347685
w,139.3531469,215.1481481,115.0925926,573.2777778,15.59197676,646.0979868766526
n,111.7477477,175.2142857,77.42857143,244.8571429,18.6984666,1536.8290955022856
w,112.78125,171.2222222,79.22222222,146.7777778,15.18730789,7637.514370559205
n,123.6730769,193.1538462,88.53846154,554.4615385,21.40286991,1347.93874538497
n,130.7530454,177.5087719,77.05263158,393.6842105,17.98256739,849.3983988443546
w,128.7823344,225.675,118.525,560.225,22.56821603,948.8200576544934
w,140.1569507,225.7142857,137.2857143,622.2857143,19.99706611,1916.9055651891447
n,138.4514286,211.2727273,94,623.9545455,26.85548253,1132.271573121006
n,110.9313433,219.8333333,98.92857143,694.5,18.8092827,877.3791284217834
n,137.3050542,215.2,98.14285714,491.8,20.13858111,869.4080763190647
n,136.3711002,169.4956522,68.2173913,183.4173913,10.31971336,3458.582813640439
w,121.146,191.5638298,108.4680851,437.3085106,19.45046581,1317.5231836453006
w,136.1238318,189.5185185,94.51851852,453.5925926,22.63602383,548.6741294300837
w,128.4303483,188.0657895,94.23684211,307.1710526,15.85942837,438.43935853377184
w,129.4390244,209.6774194,110.0967742,482.4516129,25.12772782,526.4578416491406
w,117.3461538,212.4444444,119.1111111,523.2777778,27.10245764,555.1381704504371
n,121.3190955,181.64,85.48,286.28,11.94011725,1857.3348099000186
n,132.044711,167.3965517,67.24137931,213.3448276,8.854031643,1945.5899803504753
n,116.8848684,208.2105263,97.36842105,591.6315789,32.46912021,421.3594613748062
n,122.372549,165,74.25,276.25,10.9879195,3676.9425503118973
n,139.6708333,205.4,93.6,459.6,15.48533356,251.24688635241344
w,119.8088889,216.3521127,121.2112676,485.3380282,22.47102655,1238.0625929457985
w,120.011396,224.7878788,123.6818182,542.5606061,26.67835488,1041.6274127779013
w,131.1706485,214.0810811,113.5675676,573.0540541,25.01876578,387.9230882509638
w,138.9517045,234.4545455,153.3181818,514.4545455,32.71050707,1386.9840811799309
w,132.480025,198.3366337,104.6336634,362.6237624,17.36100712,1618.8365693217906
w,141.9889381,176.6206897,103.6206897,336.6896552,11.23884042,975.4959070909393
w,121.5067308,205.5572519,116.9923664,380.0458015,16.2438264,1176.1769982603807
n,134.5968523,243.8846154,112.1153846,769.0192308,20.89406926,250.82709228170575
n,126.2542662,226.1216216,102.6486486,672.4054054,22.47649937,616.0994844942909
w,120.2981651,176.9090909,93.67272727,220.8,20.81877728,632.7517508527894
w,110.2874396,180.4230769,91.69230769,306.7307692,16.13405381,962.4065119661975
n,150.4622093,188.6744186,83.20930233,417.4883721,23.35571566,1031.5454571444686
n,113.3680556,191.5,81,449.8333333,16.81012335,1033.2987413288645
w,99.8125,167.4375,84.4375,196.9375,10.51765629,2908.0544867671365
n,119.1684867,231.1358025,107.2098765,741.2839506,19.67219548,916.8569930007237
n,139.0828729,195.173913,80.34782609,455.6956522,14.50219982,704.6533763693214
n,121.9462025,195.8,93.6,346.8,15.82908715,571.3790568796002
w,137.206422,204.1219512,103.9512195,513.9512195,23.72377227,421.31992605390406
n,135.9955157,202.7857143,103.6428571,559.9285714,19.22225008,1275.1970521921644
n,125.7291667,196.3333333,87.44444444,473.3333333,62.3965811,1675.155960001166
n,128.3836478,243.1833333,112.7833333,859.3833333,15.06853786,548.8030015688372
n,121.4685185,215.7647059,97.79411765,878.0294118,21.56690724,1974.9067992762245
w,113.9976798,214.8571429,135.7857143,452.5,11.77569921,2236.1707063250915
w,144.6740506,210.25,123.55,415.65,17.3795138,1692.1900425683175
n,118.672399,224.2328767,100.3835616,768.6849315,27.55185152,820.4138671982943
w,106.4891041,199.3846154,111.1538462,412.2307692,24.92640054,1052.0819861163757
n,141.3263889,203.8888889,79.11111111,492,20.29230834,1192.801466349076
n,112.9369104,181.9719626,73.97196262,417.7850467,21.50453277,1254.1916618175674
n,112.8920455,191.1818182,97.18181818,415.6363636,25.01305444,646.4538570586676
w,130.9252336,224.5740741,126.4074074,567.9259259,14.93393086,1010.5324841702189
w,130.9252336,224.5740741,126.4074074,567.9259259,14.93393086,1010.5324841702189
w,128.045738,224.8241758,135.9010989,507.1978022,18.50717149,1799.118503173232
w,116.0096774,206.8974359,113.8974359,315,20.03182872,1050.7635469157092
w,128.6991342,203.4137931,116.9655172,339.1034483,24.23590952,1077.5510436144502
w,139.9477352,206.6666667,111.2777778,523.8888889,21.20467206,429.95813585336623
n,132.3698454,213.877551,113.5918367,585.3877551,22.95028399,223.51914789040808
n,155.88125,206.4,94.2,678.8,12.51439172,2579.999032910094
n,145.0513834,195.0625,86.9375,351,17.51506048,930.1183252603479
n,114.4959016,217.173913,96.80434783,667.0434783,21.3200142,721.2213587155626
n,131.9603175,201.75,88.3125,666.1875,10.49404593,1586.2332036112853
n,110.9431818,210.9090909,92.81818182,625.5454545,34.26971291,1267.1190885857322
n,167.9444444,208.25,96.375,711.75,17.20056322,2730.071569597454
n,135.6559524,199.1698113,89.8490566,441.6603774,22.92865092,710.4196524659158
n,119.55,169,83,310,12.00999584,1140.1985248991762
n,138.8929664,195.6407767,84.9223301,420.3495146,21.60126322,617.3535697117906
n,137.1009317,162.1707317,64.97560976,159.2439024,9.854986629,6798.434847174734
n,134.7401316,181.6315789,77.42105263,406.3684211,25.14985558,670.0714783750518
n,105.9821429,215.7142857,105.5714286,775,18.50096523,1344.5258803001188
n,140.6629921,182.725,76.15,334.8,17.83730291,550.8290805807694
n,141.197,273.7777778,169.3333333,448.7777778,20.61966469,1822.7903489217845
n,127.8590476,205.2727273,93.81818182,716.1818182,23.71169038,1127.1348394175825
w,136.492126,179,86.25,499.75,26.54359621,2221.653308233776
n,127.375,220.5,96.25,662.75,24.46992733,357.27504731399614
n,115.7764706,189.75,85.875,250.5,7.206496635,1022.4307941131169
n,132.7505882,190.4814815,80.66666667,306.7777778,16.84433084,453.38970647044573
n,131.1832461,201.9166667,84.25,377.6666667,15.71159338,601.2723548928269
n,124.3803922,278.4375,154,513.25,34.70269937,469.09942534986635
n,139.7841307,185.9074074,83.2962963,382.1666667,16.9397079,784.6158169552629
w,123.4173554,170.6451613,75.48387097,221.8064516,7.750532861,1284.0029916534793
n,118.1569187,227.6136364,103.6363636,589.3181818,28.51032871,103.37204846036707
n,122.041841,185.8333333,79.35,280.3833333,20.01940031,2237.8957841974734
n,134.6636086,182.0243902,78.56097561,254.6829268,17.66049039,1353.4282734488738
n,132.4734848,188.9090909,89.3030303,442.7272727,22.86756699,932.0983783541345
n,127.9208333,226.4,123.4666667,597.4666667,16.83118798,591.2107982878694
n,112.452381,217.7027027,95.32432432,729.3513514,17.79191468,976.6877712907301
n,120.3128314,219.5932203,99.08474576,594.8305085,29.88680166,152.24599244509594
n,105.7421875,163.25,74.25,233.75,8.411301921,2381.7804939380326
n,125.2010772,176.0857143,66.05714286,224.9428571,17.63266912,1351.112110239849
n,116.0628019,187.6153846,80.69230769,407.1153846,27.19154607,523.9257926656608
n,134.2827298,262.0888889,167.3333333,426.4666667,14.22985906,557.8092733058555
n,131.6287129,244.1052632,140.0526316,592.2631579,25.11939633,1802.104055209446
n,146.7479839,224.6451613,110.6451613,546.1290323,19.4187654,1039.3425350422015
n,105.9621849,187.5333333,82.46666667,347.8666667,13.6570698,1209.8499544776967
n,112.6272321,117.2105263,50.57894737,309.877193,22.6178661,8103.800898403315
n,117.7002725,245.0652174,115.0869565,680.6086957,16.4968491,1260.5527057248958
n,129.2612613,189,82,456,18.8289833,677.7128823256148
n,127.4291667,241.6666667,135.2666667,559.2666667,25.40341184,2092.768256619595
n,116.2102138,241.5471698,117,789.2830189,19.67518365,179.61499806627813
n,116.8474843,249.925,111.875,667.55,15.70915338,1109.8879877616253
n,128.1609499,278.2291667,164.8333333,424.4166667,12.7079918,831.6901507923344
n,118.9467742,210.6666667,89.84615385,529.1538462,36.24006813,261.471560895887
n,133.2729469,203.6538462,88.92307692,515.2307692,27.76454254,387.5912781857758
n,127.0138889,245.1111111,133.2222222,358.8888889,13.80016103,3946.110449223756
n,146.8085106,216,114.6666667,474.3333333,20.04370225,866.3720314947683
n,81.125,195,81.8,356,10.90687856,3408.56290411287
n,125.2554348,208.0571429,103.6857143,328.6857143,14.94004344,446.40155778810515
n,142.4962406,224.68,99.92,661.4,31.10269442,491.1074529355563
n,125.7534247,242.5217391,111.7826087,795.4347826,22.63635432,190.25869922270692
n,163.6696429,257.1428571,163.7857143,300,10.38444677,3781.5672287552284
n,118.9278846,240.5384615,117.5384615,510.8461538,41.20794431,1594.6058922758102
n,116.8708861,273.36,158.28,494.2,22.58020372,265.7934248077144
n,136.1890244,235.7619048,125.0952381,630.1428571,19.44618716,912.7688241318823
n,132.3554688,192.5625,97.5,487.5,30.72229443,809.3575379542767
n,126.1730337,171.1428571,79.78571429,325.8571429,13.69045549,735.6916239188525
n,149.0551181,273.125,138.25,619.3125,20.02615477,4491.15608929741
n,130.00625,202.5,88,510,30.18940211,568.7209032432315
n,129.3477157,208.28,93.36,779.56,17.68416241,1752.9469932056425
n,131.9672365,228.5227273,105.7272727,774.3636364,23.33532066,401.8527693247914
n,130.75,263.8235294,135.9411765,666.7058824,22.87365629,2594.127910349189
n,135.2966667,192.6842105,83.52631579,460.1052632,27.92074259,460.7472337936971
n,136.1504854,178.6153846,85.46153846,343.7692308,16.26954901,712.7670509493113
n,140.1536797,284.6551724,167.9310345,502.9310345,13.82023194,1235.726619732101
n,118.2882022,267.3571429,162.7767857,498.7232143,12.70211283,366.9604690242172
n,104.2940685,372.1266667,244,292.6733333,31.27411496,12061.462192585295
n,121.5386819,186.0909091,80.90909091,297.3636364,30.90240569,1085.033482610949
n,109.8367347,236.3488372,121.255814,518.3255814,20.97096811,1406.1712985591319
n,127.4961686,227.1818182,125.8484848,281.4242424,12.33984639,4375.971335724123
n,122.6241935,185.4615385,77.87179487,382.1025641,19.38403879,793.4932264446318
n,131.83,244.4,146.48,471.8,19.88551231,1416.2082735786207
n,136.637605,235.0666667,108.75,633.9,24.29020722,367.8764956440544
n,135.6507042,237.1111111,144.2666667,443.6888889,15.65340652,1207.0348552684466
n,127.1433824,214.4117647,128.6470588,261.3529412,16.67312447,2646.5773007045805
n,122.6624294,352.5730337,233.3707865,372.8651685,21.70358438,2598.6458841404306
n,149.7162162,253.0714286,135.4285714,319.1428571,26.84279632,4309.09185394599
n,135.904943,222.3939394,98.81818182,635.1515152,32.12930144,361.2906617320166
n,126.9334719,193.5409836,96.2295082,270.557377,17.72873322,1994.4322708842938
n,134.956962,305,176.32,289.36,9.795182489,2012.7380396785204
n,122.770206,184.75,90.55,218,12.22661032,351.8401945471818
n,138.525,208.45,90.75,607.15,43.52413124,1245.0596200086134
n,123.5256299,234.7808219,109.3972603,767.3972603,16.73933367,368.1429687850795
n,122.7985948,262.7777778,129.4074074,737.2962963,26.68199148,1839.0044728024316
n,129.7841141,261.2903226,161.6451613,405.1612903,12.14840594,461.4955147206018
n,117.1099476,1848.916667,1594.583333,1597.333333,16.61241169,2418733.995895136
n,141.3060109,190.2608696,92.04347826,576.3043478,20.34215826,1580.2741464833891
n,139.0508096,210.0176991,109.1504425,248.3097345,14.80460884,900.1937339488986
n,127.2306176,430.28125,293.6458333,341.6354167,12.07636293,14961.496523375059
n,127.0295809,180.7142857,79.19480519,171.9350649,12.66055932,3545.7297819914206
n,115.2224317,225.7014925,106.5671642,472.641791,13.5561997,803.8937121271857
n,131.787703,237.7037037,110.3333333,722.1666667,23.79729786,149.5075904425616
n,127.53125,200.25,82.75,374.5,20.19746271,714.9862200442617
n,128.1815224,244.6804124,140.2371134,414.6082474,23.70457546,247.5837277490068
n,125.4286511,279.0701754,189.1666667,334.254386,8.140317793,514.1697046540269
n,125.1016949,245.0666667,116.9333333,681.8,17.28377531,1143.5986499457324
n,129.424,180.75,86,218.5,12.03624085,472.85635245904786
n,128.0407524,237.85,185.35,275.2,20.48072264,5627.768009557909
n,119.9715909,204.8181818,98,482.4545455,41.87723104,685.3522366808472
n,133.5453461,234.8113208,133.4716981,548.7169811,22.5446829,2164.8652937490224
n,129.7637162,217.9770115,129.7931034,228.8505747,19.94400273,1641.2710425489418
n,123.5543478,202.826087,106.3913043,364.5652174,17.31406762,1529.9843831105045
n,121.5490279,276.22,175.5933333,402.62,13.39457436,1447.5212242180814
n,119.0766871,247.9512195,113.3658537,808.0243902,24.83005893,745.8297196578906
n,107.9444444,197,90,451,8.2148874,1081.7465873297394
n,119.7319277,182.2380952,74.28571429,301.6904762,22.94427836,1028.458340708747
