class,GLCM_pan,Mean_Green,Mean_Red,Mean_NIR,SD_pan,SSE
n,109.8285714,183.7,82.95,251.75,16.0794123,1333.2599516134655
n,130.2844828,212.637931,96.89655172,482.3965517,21.21029549,568.2518130381766
n,131.3865546,185.4666667,85.46666667,419.6666667,13.33999833,874.9738180274942
n,141.345098,180.875,81.5,348.0625,18.21357667,657.111792759935
w,121.3834081,218.3571429,112.0178571,426.6071429,19.08319594,371.957386256169
n,122.7575758,205.96,86.76,407.68,17.82357989,564.8098441058354
w,124.0102041,215.5945946,117.027027,477.2972973,24.57462807,948.1264228472412
w,125.6084071,209.6491228,121.2280702,443.2807018,25.75731376,844.1258647486509
n,107.7458333,204.1333333,83.46666667,479.8666667,22.95696457,1525.2138170399965
n,140.2039216,188.59375,84.4375,457.25,30.19375906,1691.7498423854677
n,122.7924528,199.7407407,108.4814815,384.7407407,23.01890587,2008.4128800252233
n,117.427907,191.1851852,86.55555556,429.7037037,24.76556749,577.5649236451156
n,130.9663568,256.3521127,166.6830986,506.9647887,18.46224239,5664.417169409614
n,132.6788212,259.1269841,170.3412698,519.9126984,23.55045831,6574.500098896754
n,132.6788212,259.1269841,170.3412698,519.9126984,23.55045831,6574.500098896754
n,133.7529762,179.7142857,85.23809524,387.8095238,19.73222097,2576.2444308604686
w,116.9489529,214.5625,127.75,390.2083333,23.07050636,2415.898862342911
w,116.9489529,214.5625,127.75,390.2083333,23.07050636,2415.898862342911
n,136.4417989,214.0416667,115.25,579.4166667,17.01041348,384.4218066481659
w,125.0748032,254.8125,147.5,388.25,20.22442444,3218.259017501643
n,144.1078067,186.9411765,77.35294118,468.4117647,20.46839069,2882.414108304249
w,121.0942029,219.4230769,122.4230769,536,30.7144705,1463.9999935495525
n,136.5666667,196.3888889,86.66666667,364.6666667,24.78437879,817.3718343250049
n,115.8912281,220.3333333,103.4722222,588.3611111,25.09148385,190.21568175711545
w,132.5069444,206.3703704,109.2592593,532.962963,28.78142405,1042.6980702348822
n,121.0646688,189.125,92.575,289.975,14.14204724,2476.8519114400474
w,138.3922652,200.2352941,103.2941176,431.4117647,22.16531159,229.36447199771538
n,124.08,219.1590909,98.25,638.0681818,22.00022305,509.09265659888285
n,139.5067485,231.1568627,105.8235294,780.7843137,27.49605543,1700.8064574182554
n,99.15972222,241.2222222,116.7777778,644.2222222,34.62818377,1223.1474784924294
n,142.8863636,196,86,408,23.26562392,859.5909568327052
n,115.4145861,248.3854167,119.71875,695.1666667,16.55538041,2299.1595901845453
n,126.4508929,170.7142857,70.21428571,251.9285714,27.89448047,2182.6092421905632
n,116.1842105,185.28,77.58,414.18,37.86887376,1474.1757459628316
n,127.3010417,202.5666667,112.2333333,390.6,19.31449513,1589.1996353986772
w,131.2553846,188.8433735,95.21686747,246.4578313,12.9995701,413.73145006889445
n,120.9151786,194.2857143,86,364.8571429,28.25440186,890.9148036445193
n,132.0470325,173.0877193,72.15789474,230.3684211,10.49943937,1383.0132104376487
n,113.4296482,178.52,78.96,209.48,8.50449293,1579.3708000651914
w,139.4305556,200.5555556,111.1111111,484.2222222,24.51303508,929.3238838482631
w,126.8205128,203.244898,107.1020408,435.4081633,19.46005852,222.8121770698408
w,128.1207658,196.3023256,111.3953488,345.1860465,17.70196751,506.68889821779106
n,141.8242188,220.875,101.8125,784.5,36.68696763,2545.649315739845
n,131.6105442,208.7567568,93.91891892,596.4054054,27.19832204,603.7222621785313
n,132.0265096,244.0697674,123.2325581,703.9302326,23.60163803,1767.935890030677
n,138.5376176,204.225,103.675,343.4,27.87372194,368.112330262028
w,131.8457944,184.9705882,91.42647059,307.3235294,15.18652768,1143.8561914562117
n,136.7425432,190.6875,81.85,338.6,19.53598843,198.85733333401217
n,113.2250923,213.2352941,106.2941176,501.3529412,16.60283046,316.7534729017278
w,119.6692913,200.5,104,328.25,14.75211849,405.2380074414431
n,116.0950783,185.0535714,81.05357143,344.625,19.46463794,488.69947766567174
w,130.5940594,188.8421053,99.73684211,314,15.05403472,773.9349953503784
w,130.3398414,211,110.815534,616.9805825,22.95875313,1551.2942643220108
w,112.8675497,207.3684211,117.8947368,544.1578947,24.35995078,1949.3063761644023
n,129.10625,171.1,66.6,225.2,19.1039263,1791.6879907548669
n,134.9041667,212.4666667,92.4,633.2666667,30.30174179,1072.8262978815198
n,115.4009662,205.8846154,89.57692308,397.5,22.93833385,1109.2733262629617
n,113.96521,216.4797297,100.2567568,507.0945946,25.83007188,184.610545397398
w,131.140625,206.6875,107.0625,561.1875,29.75498908,689.3648602202119
n,139.0142857,183.2727273,78.77272727,365.5909091,15.50159949,1283.367915763992
w,113.9635417,195.0555556,106.5833333,303.7222222,24.09158195,1648.5665735748453
n,122.7918437,192.2702703,78.75675676,314.2702703,19.13395648,768.3957876586857
w,136.1621622,189.5714286,99.57142857,331.5714286,15.59042092,277.42549490198303
w,118.1553229,176.8611111,87.55555556,262.0833333,21.75301526,1820.5404640669851
w,132.325,203.6,120.68,378.32,24.0028665,2602.398929148773
n,142.8647059,185.3125,77.5625,363.75,16.21908116,1240.2296231925611
n,112.67621,226.6195652,103.2608696,857.9130435,29.83076082,1102.087954675408
w,128.6824324,222.3928571,131.0714286,448.0714286,24.36143657,1752.1951458522378
n,137.8736842,180.8333333,75.0625,369.75,21.95330232,1656.9177050762642
n,108.1344538,199.3333333,107.0666667,253,20.50907658,1133.3260626363647
n,129.24375,189.75,80.3,268.1,25.52307779,1868.1629450880102
w,117.8786765,175.5294118,83.88235294,188.2941176,17.01576716,2726.939221829024
n,136.9319853,174.6470588,75.79411765,268.2352941,13.46789082,2576.6690175644403
n,144.0801394,200.4444444,87.77777778,441.3888889,23.02387381,621.775973604139
w,119.4798206,191.9285714,105.7380952,331.952381,22.49178484,392.98402497919767
n,132.9343066,218.9534884,96.41860465,677.6046512,22.5968979,711.7627746636111
n,114.50625,219.6,96.7,910.8,20.97832214,5045.147932170968
n,136.866242,223.8983051,101.6779661,711.1186441,22.41252266,1498.6279845378285
w,136.3557692,221.1538462,117,672.1538462,16.63104675,628.3636572413324
n,125.828125,211.125,94.6875,508.1875,14.85713213,245.17939100561097
w,133.4033784,183.3870968,94.92473118,292.6021505,18.9325436,2292.7223160080616
w,121.546875,178.5,82.5,374.5,20.0869205,1875.939535308436
n,129.58413,168.4242424,72.57575758,184.9090909,11.08984305,3714.846045804779
w,132.0631579,188.6666667,97.2,262.8,12.13095215,1216.0062963247133
n,118.1464738,176.3714286,79.92857143,219.2571429,14.6531671,1136.8787872382718
w,124.6289474,189.4166667,99.04166667,347.3333333,24.65339592,272.60056335635875
w,118.1692825,238.625,156.875,529.4107143,19.6485706,4126.121889725787
w,123.2474645,202.2741935,110.483871,460.2258065,18.71215223,1388.6083888579697
n,121.6354167,186,83.83333333,482.3333333,15.12631996,1989.6073480960763
w,135.1648936,203.8055556,114.6388889,391.1111111,12.83402475,1756.5871015300972
w,129.9245283,214.1,124.1,452.6333333,14.29778538,1491.959847043937
n,113.8019324,202.6923077,91.07692308,577.2307692,37.29016242,905.8378388673947
w,138.3977273,210.9090909,114.3636364,637.5454545,24.68432935,888.6576105925509
n,111.8917749,227.0689655,105.5862069,602.3448276,20.10442418,749.6046173888341
n,109.8671329,208.5555556,94.38888889,716.0555556,26.68292329,2218.6596932065268
n,127.2515723,209.15,92.975,496.425,18.74939999,279.4146664529683
w,129.8480204,204.122449,110.6938776,418.244898,23.12530378,271.02118482356656
n,113.6688103,206.6153846,97.76923077,687.3076923,32.38612782,1751.4197387053105
n,122.282967,195.826087,85,442.6521739,29.58547899,658.296151887584
n,120.9621212,225.7931034,99.98275862,731.0517241,23.09945925,479.1337601512677
w,131.2760417,192.75,98.41666667,431.8333333,20.13909962,313.8950382217561
n,133.7542614,198.6931818,86.14772727,549.0681818,29.50805325,1989.9008672820216
n,137.334127,187.2531646,75.55696203,299.4810127,17.52136517,1888.9269108883148
n,118.7304786,171.8,74.2,231.6,13.60505788,1464.9710515069812
w,127,179.4,82.6,245.88,13.4339272,898.7202347477473
n,141.5606695,178.0333333,72.6,227.8,18.80806565,1214.8279208610047
w,118.7477273,199.3928571,121.8928571,425.7857143,22.47614949,786.3651116213009
w,135.1086538,232.1538462,137.5230769,545.7230769,24.53084521,2452.4431719204754
w,116.628692,232.3333333,149.6,530.6333333,22.20532969,3235.4657201187833
w,126.7958057,204.4561404,110.4912281,370.2982456,16.44017855,1530.0224632900229
n,126.7063037,194.5227273,95.11363636,337.1136364,10.86056918,153.52889463695925
w,107.0446429,212.4761905,125.3809524,464.7619048,21.26253132,2521.9600090936565
w,131.2481203,209.72,143.64,410.16,15.3123349,2478.866784131117
w,122.3734043,207.9491525,117.2711864,532.8474576,26.87721985,1155.6823439216619
w,124.0222222,205.4318182,135.1022727,411.2954545,16.42098536,1739.0634311309732
w,128.8066915,183.8823529,96.17647059,369.5882353,16.43883494,1285.104941357262
w,140.6702586,197.2068966,116.9310345,361.6206897,15.92282219,1433.0806372031964
w,132.186551,205.2413793,114.6551724,491.5172414,17.21266575,567.355229110757
w,124.2834646,210.75,124.5,556.25,18.38806933,1214.5368169797737
w,126.4571226,207.5955056,110.4606742,446.1235955,23.71210889,547.1658922865545
w,132.7681564,201.3777778,110.0222222,483.7555556,22.67411642,789.419400929388
w,135.6746231,188.98,101.98,329.99,17.85854137,330.0399575560251
w,130.3920455,220.6060606,114.7575758,610.1212121,25.92990481,1007.8671973386224
n,118.2348485,159.2,70.88,224.44,16.6997006,2553.066338169791
n,129.2234043,226.7457627,102.6949153,674.5084746,26.14331922,362.4726061893053
n,125.9456067,173.5333333,79.13333333,386.3333333,12.33135119,3211.5440596492367
n,123.2146597,176.6666667,82.5,280.3333333,14.86303207,3304.2902102572757
n,126.0198864,186.1818182,79.90909091,359.5909091,16.30165027,780.7572142321953
n,133.7270115,176.3181818,77,276.1363636,13.21031403,3071.4467305827984
w,126.8116279,190.5555556,100.8518519,307.0740741,18.02535937,1114.475056947995
n,101.0346821,190.0909091,80.81818182,319.3636364,23.77303146,1288.5866074304347
n,128.9846678,208.5945946,96.51351351,715.3243243,18.38739842,1977.222195509689
n,115.6785714,186.1428571,76.42857143,351.5714286,30.35840334,801.561531435864
w,120.9812109,216.5,121.6666667,656.8666667,25.89328527,434.29470559234557
n,143.4582245,191.9166667,79.77083333,353.9166667,18.09230768,642.9637238139491
n,115.6571429,203.7272727,84.31818182,551.9545455,21.99929563,1742.0625690377683
w,132.6560748,160.0294118,73.41176471,279,12.24296281,4558.0648013474065
w,125.5356522,193.2876712,112.3287671,339.8219178,15.30558189,550.6255559651505
w,128.393617,211.4666667,119.3666667,530.8333333,12.2122434,1217.5212656208391
w,115.5427975,205.2333333,124.1333333,408.0333333,15.10294305,1322.3596685188995
w,126.3706177,212.5789474,127.9473684,546.3157895,18.98118328,1887.1085065546335
n,127.0167526,207.244898,97.67346939,420.5918367,16.11818595,106.2405828324624
n,114.7521008,186.8666667,81.86666667,518.3333333,20.55834516,1767.4056605959881
n,123.0756303,204,88,449,10.19716736,833.0655014422044
n,125.101833,181.2258065,76.64516129,321.7419355,21.77856587,755.2458783783285
n,141.2159468,178.3421053,78.42105263,309.8157895,18.32229165,1478.3004498154637
w,113.6473214,222.4285714,149.8571429,530.7142857,34.42093869,3207.3948801297806
n,106.359375,198.8333333,89.16666667,609.3333333,16.68498993,2171.996416830974
w,137.6432039,204.9230769,111.0769231,512.9230769,21.0960399,451.73769736437487
n,140.2080645,197.7179487,81.41025641,535.8717949,25.72930955,2033.0180584988543
n,122.2115978,210.254902,93.30392157,439.7058824,24.00887515,228.9435615099841
w,120.3958042,226.6333333,126.6,659.5888889,22.56439072,491.0647396251429
w,132.9739264,195.5853659,113.6585366,392.8780488,22.42210391,1609.8467928613825
n,110.8072917,188.6666667,77.5,446.5,18.705874,1556.4690040754572
n,135.0933504,211.8571429,91.44897959,527.755102,28.68770799,789.1413452549159
w,121.1986947,197.4712644,118.0229885,351.5747126,15.52560013,1042.1366691829069
n,133.6180582,160.9821958,66.87833828,156.9139466,8.763332235,7932.470300987422
n,118.9774011,189.1641791,82.62686567,330.9850746,20.03834595,295.7644846596758
n,138.5756458,188.3088235,78.92647059,292.8676471,16.81463154,2352.8728975225263
n,119.561939,189.7285714,79.5,392.8428571,30.27374764,1975.6964552853788
n,133.6192661,172,68.14285714,239.1428571,8.705206043,1759.7011601866566
n,124.5267309,188.0277778,97.22222222,356.2916667,17.16091238,536.2268754780412
w,134.7539185,195.425,103.55,450.375,18.68361582,843.24960134717
w,120.982699,209.5616438,121.4383562,461.9726027,19.34086493,1888.6910021197093
w,116.5738636,226.7878788,143.9393939,582,30.48298085,1695.5319918394625
n,117.0631313,183.84,87.16,410.08,20.41826633,1171.8979258013728
n,137.6919643,213,94.07142857,493.6190476,38.11213911,475.3947151098896
w,113.7688442,181.44,100.12,271.84,13.88028818,2380.525755638353
n,117.1019523,196.3448276,88.55172414,373.5862069,17.90608344,1457.5647734465576
n,112.9480874,217.9565217,95.13043478,564.8695652,22.70023275,559.639661632613
n,123.2102273,184.75,80.20454545,490.3181818,28.38550839,1812.8004300792488
n,134.6104167,208.9666667,97.56666667,756.7666667,24.66162111,1357.2636379053115
n,131.3117831,160.0107527,68.02688172,174.1021505,8.570951487,5703.18709461724
n,120.8501281,172.7702703,70.0472973,240.6756757,13.77809236,1664.85435910644
n,129.1451613,194.2571429,80.08571429,382.0857143,15.1000473,2145.652425435343
w,121.8731778,178.627907,88.90697674,294.7906977,12.32733643,2360.580483552414
w,146.2617188,206.34375,109.375,536.03125,15.97348878,1660.3356732562995
w,121.2910053,210.8333333,117,661.6666667,19.36258563,558.6999240090963
n,138.3596838,190.4375,101.3125,426.125,20.48770592,466.9501850201682
w,125.35625,206.4,115,439.6,11.67946917,637.1325716068887
n,129.6364847,200.1702128,104.4468085,419.7234043,25.53952014,179.22220838242686
n,130.6008065,192.5238095,84.66666667,346.2063492,18.74454653,152.61698495208287
n,129.4633286,203.5168539,88.95505618,341.4494382,17.43295994,61.82434671922503
n,125.3576288,169.7076923,69.67692308,223.0153846,21.03398209,1769.348133000703
n,111.625,186.5,75,281.75,19.98015509,3632.2249833101027
w,114.5436047,207.9069767,134.627907,437.5813953,28.37009143,1709.3451127055916
n,119.407767,186.9230769,74.23076923,274.2307692,27.07539331,2811.4482673715297
n,117.828125,202.5,86.5,409,11.29988938,761.0330221533203
w,133.7398374,207.6129032,127,495.9354839,13.00212101,979.1109717265779
w,114.8968254,202.625,97.75,505.125,20.79926381,427.56518353448223
w,132.7389079,188.3513514,101.5405405,456.3513514,16.81141913,1387.1065498973048
w,146.2931034,204.2727273,119.0909091,433.2727273,10.67243301,1014.3593059676749
w,138.7069182,201.72,105.68,426.8,19.24681792,242.10793655239158
n,142.2473684,197.25,97.25,433.25,11.71418893,515.8448890112331
w,124.2546053,222.8795812,122.2356021,567.8586387,21.2399027,506.24336084675707
w,138.0486486,216.5142857,112.4,533.9428571,28.63740953,1112.509749881647
w,135.7036424,223.4473684,118.3684211,610.2368421,24.7107365,1164.4081400642442
w,125.6485849,201.3018868,103.1132075,590.1886792,23.6300097,591.0176487177938
w,125.6485849,201.3018868,103.1132075,590.1886792,23.6300097,591.0176487177938
w,129.7415094,209.8208955,118.1492537,467.1044776,18.91673139,1739.081525146049
w,130.1073201,209.1176471,113.8627451,530.5490196,20.01553606,940.4024168824898
w,115.8205282,221.3714286,146.2,497.6571429,15.18938644,2192.8936912729378
n,114,207.7428571,99.14285714,599.1142857,26.90882565,781.6091450415154
w,123.0129241,191.3333333,105.7948718,439.2307692,15.38376066,643.0535386788415
n,137.384106,215.9210526,97.21052632,439.3684211,17.36525091,324.9865222245379
w,124.0708915,200.7288136,119.3559322,389.3898305,17.66383074,2002.3850807531326
w,129.221374,206.8536585,116.8536585,483.6829268,21.8256844,767.1736817895346
n,124.359322,201.6216216,86.91891892,575.7837838,20.82210995,835.7372899378528
n,128.7908082,233.0506329,102.443038,734.2911392,25.60757304,214.39948788836298
n,132.8122218,193.7225806,82.62580645,342.2516129,18.59430501,129.15944078522216
w,116.3685377,217.0823529,124.6352941,480.2470588,22.01677247,1187.1707216787302
w,141.784375,196.8,115.65,390.35,20.50725481,1987.023121767611
n,146.4285714,192.5,88,593.5714286,28.3283409,1789.5330631281804
w,122.7978339,202.3428571,132.4857143,322.2857143,15.8353776,2073.4170545376246
w,125.4544583,187.2575758,91.87878788,239.7575758,14.63444997,315.08813390537466
n,87.58730159,186.25,84,360,14.84082208,2455.2026940138758
n,123.2323944,190.3611111,91.36111111,289.1944444,19.93531205,2445.587655596139
n,116.7165354,190.875,83.3125,376.875,24.85929152,1812.883135986158
n,127.5331325,203.4761905,86.95238095,470.6190476,23.62672686,1586.0789916940787
n,106.837963,193.6666667,83.2962963,512.3703704,34.45913665,1505.0325193791848
n,145.6519208,191.9814815,83.42592593,425.7037037,23.55864905,781.422572121597
w,150.0958333,224,136.4666667,529.4666667,14.09428568,2494.397738721652
w,116.4904014,229.9166667,153.2777778,525.8611111,27.46389324,3293.9278938641314
w,142.3697917,224.8333333,121.3333333,695.75,24.07396011,2078.37010468864
n,128.7094499,197.2666667,88.84444444,483.3777778,29.67349901,1066.224184480827
w,129.681883,197.6818182,120.6136364,420.0227273,18.9515885,731.5974528823047
w,132.4672657,216.755102,118.4489796,584.4693878,22.55926528,302.8587218747758
w,130.3378871,210.2898551,130.6956522,488.942029,21.31990953,1111.6522642924397
w,119.3576923,215.5714286,128.3673469,476.6326531,14.33103598,1619.5272786583905
w,130.7209302,211.7777778,115.5555556,499.5925926,28.37713873,247.10435580892894
n,120.1788909,219.2,96.25714286,492.4285714,20.62940738,253.7521258355673
n,130.5708661,207.3125,91.75,443.75,10.34936592,514.6327331350119
n,130.7885375,175.9375,73.3125,285.375,15.62449999,3567.9375861697
n,136.8984375,188.5,84,429.75,39.90452473,937.3178660013465
n,121.1797753,180.4705882,86.76470588,292.3529412,11.667577,2541.4688810335383
w,137.9975,236.4,127.52,673,29.05762551,939.0745650523879
w,139.8922156,229.8571429,139,515.3809524,31.6096515,1793.9419134248426
n,93.94791667,184.1666667,81,462,25.32730191,3344.8843669977828
n,147.0261194,175.0882353,76.94117647,244.0294118,9.242597337,1549.289344988463
w,132.9487952,212.5238095,133.7857143,469.2142857,17.37377543,2333.187488205194
w,119.9807692,215.1538462,145.3846154,493.4615385,14.78709857,2123.610513527888
w,150.1810345,225,145.6818182,540.5,13.90767967,3903.9980590653226
w,128.2911184,232.9736842,129,558.7631579,18.24936913,1231.9335921807947
n,120.34375,196,84,385,32.67856926,2246.0958314260192
n,129.6281994,174.7042254,73.33098592,239.5704225,13.46486424,1293.4775300472204
n,131.3755507,187.3684211,76.92982456,364.0175439,24.13099064,1015.9271260979828
n,132.6484594,168,76.26666667,220.0666667,16.20510512,1589.6043695043275
w,122.03125,176.25,85.25,335,14.43952908,621.1056161636325
w,119.3797468,195.6857143,109.8571429,411.2285714,14.16503312,754.4018775644204
w,127.4698355,182.2173913,88.01449275,254.2898551,15.52526381,987.5783139472381
n,123.5149343,221.7238095,103.7142857,736.4380952,27.49588961,425.349912522762
w,136.797066,210.3461538,121.4230769,513.6153846,11.95980695,787.8143314767105
w,122.2983784,213.5517241,127.1206897,527.2586207,22.9267367,1180.8802167760678
n,104.3125,202,93,413,18.58015668,884.4214384149415
w,121.05,224.3148148,144.0740741,465.0555556,21.07281289,3352.3004244702047
w,133.5325385,192.8031496,110.2834646,349.8346457,21.06601347,584.3422359888888
n,119.1328125,196.90625,87.90625,442.875,39.36357721,828.749515463243
n,144.1261261,239,132,567,15.77391285,1597.8766221078172
n,128.8403361,170.9333333,71.66666667,287,23.55381545,3675.6275893592056
w,109.9663866,194.6,99.53333333,361.4,23.74718697,1027.482969876916
n,101.575,208.8,95.2,513.2,31.08311439,890.1172746360139
w,117.5590278,225.2222222,123,541.3888889,28.12472222,1945.6491814861422
w,122.537799,221.3787879,136.7121212,456.4393939,17.55835737,2641.1423435584443
n,139.9740854,221.1219512,101.7073171,624.6097561,37.42081864,1382.7073068410562
n,105.4791667,339.6666667,206,609.3333333,41.34811564,25073.121782468694
n,125.0632008,211.2903226,98.64516129,453.4032258,13.29898129,842.3089559173391
n,112.8823529,194,80,391.6666667,16.19821664,2079.732739839773
n,129.3402778,183.6666667,72.33333333,356.6666667,29.20806586,970.7911956999102
w,122.006993,239,139.7777778,542.1666667,23.84673283,2987.1714937466472
w,125.8109339,195.5357143,102.6785714,361.3214286,15.27014394,763.2100368163843
w,137.2228916,216.8269231,124.4423077,458.8461538,28.77054193,1905.3658251148127
w,127.9921875,199.75,102.75,566.75,36.8593187,864.5816493377613
w,114.2310231,221.6578947,132.0526316,563.8947368,36.53340596,1302.4747373218859
w,130.5623836,216.3235294,124.6764706,566.6470588,16.8644094,752.055421001827
n,138.3340564,166.9310345,67.10344828,317.5172414,14.91473985,2071.167500049268
w,130.3864307,185.8139535,96.39534884,277.2790698,22.65257147,2454.141457017582
n,122.25,167.5384615,77.92307692,272.9230769,18.81331519,3309.415759817428
w,138.6723301,207.7307692,114.9230769,537.2307692,27.57646711,1485.0169508971317
w,131.7955626,211.45,111.45,598.5,31.4721206,570.9859208956748
w,114.885,216.76,132.72,567.72,29.51869916,1156.5218231495833
n,134.309816,198.7804878,91.65853659,352.0243902,20.94345238,236.28222709197175
n,117.8881579,177.1578947,74.94736842,340.3684211,35.7076464,1026.6078977241282
w,128.2168675,179,87.28571429,257.4285714,14.92353906,1287.5588900244966
n,140.9606414,213.5581395,108.6046512,620.5116279,21.70349382,1744.6857613867048
n,128.6953125,197.1875,86.1875,608.4375,20.65755007,1835.7658877042247
n,117.1502732,179.2608696,85.52173913,303.0434783,24.12099306,1732.9686409431351
n,126.282154,185.4125874,87.00699301,283.041958,11.65932042,3119.0021035763652
w,117.0537975,189.95,102.7,328.6,27.35191949,474.3688627402918
n,133.1768813,198.691358,92.03703704,244.617284,20.49990985,245.1782253535593
n,132.70916,172.4379085,69.73856209,144.875817,5.772400124,8956.364792582375
w,127.5291925,249.019802,157.7227723,609.970297,17.05466166,4452.46154518369
w,121.4879808,226.6153846,138.8846154,470.9230769,23.96508802,2534.5827786160503
w,123.588685,236.5121951,144.4878049,675.2439024,20.62070715,1937.5085966989864
w,118.622449,229.5405405,131.027027,485.4594595,21.1998732,1386.6231833858778
n,138.1205357,183.5714286,87.57142857,505.5714286,27.49471192,1531.9251662823124
n,150.9195804,191.5555556,91.11111111,622.3888889,14.2210286,3509.6233725246557
n,127.4132492,173.6,74.5,331.05,26.82624648,944.1303911992032
w,132.834753,189.8648649,96.43243243,367.4594595,21.00645141,1008.5019868104097
w,120.2586771,229.1770833,144.1458333,519.8854167,19.70034854,2181.3829164886347
n,108.2270531,159.7692308,73.53846154,201.7692308,14.89211697,3510.508356564677
w,129.0821053,219,155.5666667,452.4666667,13.44205672,4231.170851350033
w,132.9057971,203.8461538,110.6923077,451.5384615,23.31711538,830.2140419209106
n,144.4014337,197.1714286,87.2,570.7428571,21.11890535,1417.3814974660659
n,128.6319544,207.2954545,97.56818182,384.2954545,16.74408971,1860.24713131892
n,141.5524476,257.7777778,149.25,292.6388889,17.93891814,9166.170733593135
w,110.2834646,223.21875,131.0625,487.4375,18.24828759,1455.3437309818657
n,118.8860294,168,74.35294118,322.4117647,18.52259445,1526.8113932382334
n,111.7074074,198.2352941,89.47058824,632.4705882,32.16781258,2042.79414238933
n,124.4478022,165.9130435,75.08695652,278,12.51751136,3967.2195670537794
w,135.895288,192.3055556,90.69444444,339.2638889,17.43280198,101.61641242442805
n,126.6640316,229.5625,112.65625,652.75,20.14902971,91.5460054122108
n,131.4197039,182.036036,76.68468468,276.9369369,18.71026943,2892.32933645293
n,130.371875,195.15,89.05,494.15,25.51249694,813.1539490419424
w,127.6601442,197.6393443,108.295082,411.1147541,21.23836134,499.08073701667047
w,125.3138075,210.3,114.5,517,23.19839554,371.9146959098627
w,135.3374233,196.1612903,112.7741935,487.3548387,13.54792626,1079.767314234148
w,133.5585586,208.8928571,113.1428571,458.3928571,29.55665176,1296.2019016260476
w,143.0229555,212.2045455,124.4545455,487.7954545,24.12145362,1040.1866810148586
n,108.8609865,233.7857143,107.9285714,806.4285714,19.14418972,2773.5237991254066
n,124.2490842,201.2463768,100,273.5072464,14.33736993,1903.9506263352105
w,125.3341986,207.7628866,116.742268,496.4639175,20.83428892,389.6969432089107
w,130.5566038,203.8510638,120.0425532,436.8723404,14.72312753,722.4256375033759
w,136.0323194,221,124.0909091,514.0909091,17.60013983,718.7274732371059
w,134.4121951,194.9615385,114.5384615,350.6923077,14.62130447,828.2262495062367
w,124.3245325,216.3859649,122.3508772,458.8245614,21.00377372,1721.664876975175
n,132.8688761,177.7954545,73.64772727,190.3863636,14.14739412,2658.254269022777
w,135.6125,173.4,87.8,269.6,15.50999678,2383.132004548876
w,126.3321829,202.3972603,119.7123288,370.9589041,23.43401239,1983.417544580917
n,141.2662037,244.5185185,134.1111111,681.7037037,28.35291021,1901.5582218400677
w,130.5274815,199.6493506,109.987013,360.3116883,17.74840565,906.522969903336
w,129.1619348,236.7833333,132.9833333,660.8,21.02712534,839.6325287212115
n,145.4094488,230.6875,118.625,462.375,23.47039358,2456.845332624531
n,135.813161,199.6481481,90.03703704,516.537037,18.57812629,772.5655290872347
n,133.9360614,210.2244898,89.3877551,428.5918367,32.62128556,174.0277958773646
n,126.0289474,181.125,87.875,371.875,17.42558583,1500.8782480009481
n,136.6301887,171.5373134,71.25373134,322.238806,18.31148039,1395.7106352806356
w,139.3531469,215.1481481,115.0925926,573.2777778,15.59197676,505.4313365542274
n,111.7477477,175.2142857,77.42857143,244.8571429,18.6984666,1557.7562528137857
w,112.78125,171.2222222,79.22222222,146.7777778,15.18730789,8481.183352220583
n,123.6730769,193.1538462,88.53846154,554.4615385,21.40286991,1873.5014185593704
n,130.7530454,177.5087719,77.05263158,393.6842105,17.98256739,2553.0332682560384
w,128.7823344,225.675,118.525,560.225,22.56821603,630.777874406535
w,140.1569507,225.7142857,137.2857143,622.2857143,19.99706611,2355.785484948681
n,138.4514286,211.2727273,94,623.9545455,26.85548253,1640.6625208967969
n,110.9313433,219.8333333,98.92857143,694.5,18.8092827,1907.5817434762873
n,137.3050542,215.2,98.14285714,491.8,20.13858111,320.34580116779455
n,136.3711002,169.4956522,68.2173913,183.4173913,10.31971336,4054.602748626998
w,121.146,191.5638298,108.4680851,437.3085106,19.45046581,613.0602380794056
w,136.1238318,189.5185185,94.51851852,453.5925926,22.63602383,1167.612627957299
w,128.4303483,188.0657895,94.23684211,307.1710526,15.85942837,1077.208233369105
w,129.4390244,209.6774194,110.0967742,482.4516129,25.12772782,603.6763049732878
w,117.3461538,212.4444444,119.1111111,523.2777778,27.10245764,759.5253938714078
n,121.3190955,181.64,85.48,286.28,11.94011725,3092.140493771036
n,132.044711,167.3965517,67.24137931,213.3448276,8.854031643,2308.102560022958
n,116.8848684,208.2105263,97.36842105,591.6315789,32.46912021,540.1483198950547
n,122.372549,165,74.25,276.25,10.9879195,3947.056129170254
n,139.6708333,205.4,93.6,459.6,15.48533356,1299.3863712129312
w,119.8088889,216.3521127,121.2112676,485.3380282,22.47102655,767.2872904695961
w,120.011396,224.7878788,123.6818182,542.5606061,26.67835488,1853.6331658965787
w,131.1706485,214.0810811,113.5675676,573.0540541,25.01876578,246.08492223744778
w,138.9517045,234.4545455,153.3181818,514.4545455,32.71050707,3143.286506040032
w,132.480025,198.3366337,104.6336634,362.6237624,17.36100712,849.1302101377441
w,141.9889381,176.6206897,103.6206897,336.6896552,11.23884042,910.5907062093206
w,121.5067308,205.5572519,116.9923664,380.0458015,16.2438264,2631.0480675348986
n,134.5968523,243.8846154,112.1153846,769.0192308,20.89406926,770.6482677276272
n,126.2542662,226.1216216,102.6486486,672.4054054,22.47649937,299.67174785849886
w,120.2981651,176.9090909,93.67272727,220.8,20.81877728,793.9116623593616
w,110.2874396,180.4230769,91.69230769,306.7307692,16.13405381,1656.4279475879957
n,150.4622093,188.6744186,83.20930233,417.4883721,23.35571566,1183.1775446483493
n,113.3680556,191.5,81,449.8333333,16.81012335,1401.6697253943046
w,99.8125,167.4375,84.4375,196.9375,10.51765629,3341.0453769469887
n,119.1684867,231.1358025,107.2098765,741.2839506,19.67219548,139.86930382084125
n,139.0828729,195.173913,80.34782609,455.6956522,14.50219982,1524.359743305506
n,121.9462025,195.8,93.6,346.8,15.82908715,182.1542896995585
w,137.206422,204.1219512,103.9512195,513.9512195,23.72377227,395.08792999300414
n,135.9955157,202.7857143,103.6428571,559.9285714,19.22225008,981.0360721488702
n,125.7291667,196.3333333,87.44444444,473.3333333,62.3965811,2987.805028916967
n,128.3836478,243.1833333,112.7833333,859.3833333,15.06853786,231.71740279014165
n,121.4685185,215.7647059,97.79411765,878.0294118,21.56690724,2424.8970124272632
w,113.9976798,214.8571429,135.7857143,452.5,11.77569921,2519.0708057291054
w,144.6740506,210.25,123.55,415.65,17.3795138,1098.1242840499901
n,118.672399,224.2328767,100.3835616,768.6849315,27.55185152,1039.406084470265
w,106.4891041,199.3846154,111.1538462,412.2307692,24.92640054,983.2299805682345
n,141.3263889,203.8888889,79.11111111,492,20.29230834,1133.468828065637
n,112.9369104,181.9719626,73.97196262,417.7850467,21.50453277,1627.159016498762
n,112.8920455,191.1818182,97.18181818,415.6363636,25.01305444,694.8728944885579
w,130.9252336,224.5740741,126.4074074,567.9259259,14.93393086,785.8426413250511
w,130.9252336,224.5740741,126.4074074,567.9259259,14.93393086,785.8426413250511
w,128.045738,224.8241758,135.9010989,507.1978022,18.50717149,1220.4982130848248
w,116.0096774,206.8974359,113.8974359,315,20.03182872,1299.388791536353
w,128.6991342,203.4137931,116.9655172,339.1034483,24.23590952,728.2871450217998
w,139.9477352,206.6666667,111.2777778,523.8888889,21.20467206,777.803559779345
n,132.3698454,213.877551,113.5918367,585.3877551,22.95028399,241.06590760653646
n,155.88125,206.4,94.2,678.8,12.51439172,2219.710571545595
n,145.0513834,195.0625,86.9375,351,17.51506048,474.3448095816417
n,114.4959016,217.173913,96.80434783,667.0434783,21.3200142,515.7050021293802
n,131.9603175,201.75,88.3125,666.1875,10.49404593,1440.5082985388806
n,110.9431818,210.9090909,92.81818182,625.5454545,34.26971291,1749.1814797603158
n,167.9444444,208.25,96.375,711.75,17.20056322,4022.724467342774
n,135.6559524,199.1698113,89.8490566,441.6603774,22.92865092,428.9452560583573
n,119.55,169,83,310,12.00999584,1860.2654549550673
n,138.8929664,195.6407767,84.9223301,420.3495146,21.60126322,491.7223331616123
n,137.1009317,162.1707317,64.97560976,159.2439024,9.854986629,7636.340454537165
n,134.7401316,181.6315789,77.42105263,406.3684211,25.14985558,1613.879737242049
n,105.9821429,215.7142857,105.5714286,775,18.50096523,1979.9537061075032
n,140.6629921,182.725,76.15,334.8,17.83730291,608.1947291790439
n,141.197,273.7777778,169.3333333,448.7777778,20.61966469,4880.4748357691415
n,127.8590476,205.2727273,93.81818182,716.1818182,23.71169038,2195.886950986091
w,136.492126,179,86.25,499.75,26.54359621,1890.0386177897087
n,127.375,220.5,96.25,662.75,24.46992733,217.92811820931718
n,115.7764706,189.75,85.875,250.5,7.206496635,920.0991647944186
n,132.7505882,190.4814815,80.66666667,306.7777778,16.84433084,1147.6848607300046
n,131.1832461,201.9166667,84.25,377.6666667,15.71159338,1695.610593419839
n,124.3803922,278.4375,154,513.25,34.70269937,6476.905233292125
n,139.7841307,185.9074074,83.2962963,382.1666667,16.9397079,2326.6290062129538
w,123.4173554,170.6451613,75.48387097,221.8064516,7.750532861,1535.7688666862139
n,118.1569187,227.6136364,103.6363636,589.3181818,28.51032871,175.22962779397992
n,122.041841,185.8333333,79.35,280.3833333,20.01940031,3071.7694294083785
n,134.6636086,182.0243902,78.56097561,254.6829268,17.66049039,1267.6566918601434
n,132.4734848,188.9090909,89.3030303,442.7272727,22.86756699,744.9005048632753
n,127.9208333,226.4,123.4666667,597.4666667,16.83118798,749.5769735654745
n,112.452381,217.7027027,95.32432432,729.3513514,17.79191468,1114.8673147969637
n,120.3128314,219.5932203,99.08474576,594.8305085,29.88680166,303.7268676942966
n,105.7421875,163.25,74.25,233.75,8.411301921,2566.0134477109355
n,125.2010772,176.0857143,66.05714286,224.9428571,17.63266912,1572.1868165086948
n,116.0628019,187.6153846,80.69230769,407.1153846,27.19154607,1302.079830180209
n,134.2827298,262.0888889,167.3333333,426.4666667,14.22985906,3250.8354870444705
n,131.6287129,244.1052632,140.0526316,592.2631579,25.11939633,1863.5602960896179
n,146.7479839,224.6451613,110.6451613,546.1290323,19.4187654,1667.1192728066437
n,105.9621849,187.5333333,82.46666667,347.8666667,13.6570698,883.318771669261
n,112.6272321,117.2105263,50.57894737,309.877193,22.6178661,9219.76262562407
n,117.7002725,245.0652174,115.0869565,680.6086957,16.4968491,1107.5641100209095
n,129.2612613,189,82,456,18.8289833,1526.5274635902742
n,127.4291667,241.6666667,135.2666667,559.2666667,25.40341184,1735.743058640025
n,116.2102138,241.5471698,117,789.2830189,19.67518365,2242.1302621288464
n,116.8474843,249.925,111.875,667.55,15.70915338,800.9730095080457
n,128.1609499,278.2291667,164.8333333,424.4166667,12.7079918,2340.7215104227503
n,118.9467742,210.6666667,89.84615385,529.1538462,36.24006813,1009.6292090769881
n,133.2729469,203.6538462,88.92307692,515.2307692,27.76454254,554.3719880336348
n,127.0138889,245.1111111,133.2222222,358.8888889,13.80016103,4521.229690491906
n,146.8085106,216,114.6666667,474.3333333,20.04370225,1469.2181069407832
n,81.125,195,81.8,356,10.90687856,2838.423428048021
n,125.2554348,208.0571429,103.6857143,328.6857143,14.94004344,403.2977448895785
n,142.4962406,224.68,99.92,661.4,31.10269442,364.6164369242064
n,125.7534247,242.5217391,111.7826087,795.4347826,22.63635432,2718.8064233510236
n,163.6696429,257.1428571,163.7857143,300,10.38444677,11223.42524671328
n,118.9278846,240.5384615,117.5384615,510.8461538,41.20794431,1082.3542066299717
n,116.8708861,273.36,158.28,494.2,22.58020372,6391.110179964553
n,136.1890244,235.7619048,125.0952381,630.1428571,19.44618716,1220.269579886376
n,132.3554688,192.5625,97.5,487.5,30.72229443,999.4654682612991
n,126.1730337,171.1428571,79.78571429,325.8571429,13.69045549,1062.7532994431288
n,149.0551181,273.125,138.25,619.3125,20.02615477,4873.863377038215
n,130.00625,202.5,88,510,30.18940211,511.5548723113755
n,129.3477157,208.28,93.36,779.56,17.68416241,2627.3383098347194
n,131.9672365,228.5227273,105.7272727,774.3636364,23.33532066,1142.1576821897024
n,130.75,263.8235294,135.9411765,666.7058824,22.87365629,2239.1409213025804
n,135.2966667,192.6842105,83.52631579,460.1052632,27.92074259,1636.006822016571
n,136.1504854,178.6153846,85.46153846,343.7692308,16.26954901,528.9880693637351
n,140.1536797,284.6551724,167.9310345,502.9310345,13.82023194,9046.829547277792
n,118.2882022,267.3571429,162.7767857,498.7232143,12.70211283,6346.5849633415355
n,104.2940685,372.1266667,244,292.6733333,31.27411496,18502.96898243846
n,121.5386819,186.0909091,80.90909091,297.3636364,30.90240569,2009.4456611518553
n,109.8367347,236.3488372,121.255814,518.3255814,20.97096811,1204.9307043396693
n,127.4961686,227.1818182,125.8484848,281.4242424,12.33984639,4194.843425492953
n,122.6241935,185.4615385,77.87179487,382.1025641,19.38403879,2351.847841206483
n,131.83,244.4,146.48,471.8,19.88551231,3738.415269142521
n,136.637605,235.0666667,108.75,633.9,24.29020722,642.1675098001962
n,135.6507042,237.1111111,144.2666667,443.6888889,15.65340652,3369.022726048259
n,127.1433824,214.4117647,128.6470588,261.3529412,16.67312447,2206.7676917478348
n,122.6624294,352.5730337,233.3707865,372.8651685,21.70358438,5641.488438285932
n,149.7162162,253.0714286,135.4285714,319.1428571,26.84279632,5803.125700197067
n,135.904943,222.3939394,98.81818182,635.1515152,32.12930144,660.4223675643847
n,126.9334719,193.5409836,96.2295082,270.557377,17.72873322,1670.2616020469168
n,134.956962,305,176.32,289.36,9.795182489,10022.546690354302
n,122.770206,184.75,90.55,218,12.22661032,521.0063110498442
n,138.525,208.45,90.75,607.15,43.52413124,1563.3870836166727
n,123.5256299,234.7808219,109.3972603,767.3972603,16.73933367,648.5266954097456
n,122.7985948,262.7777778,129.4074074,737.2962963,26.68199148,942.0855349535175
n,129.7841141,261.2903226,161.6451613,405.1612903,12.14840594,2311.281476918678
n,117.1099476,1848.916667,1594.583333,1597.333333,16.61241169,2781855.139359577
n,141.3060109,190.2608696,92.04347826,576.3043478,20.34215826,1514.9736343933525
n,139.0508096,210.0176991,109.1504425,248.3097345,14.80460884,652.8480725307734
n,127.2306176,430.28125,293.6458333,341.6354167,12.07636293,17994.02131045567
n,127.0295809,180.7142857,79.19480519,171.9350649,12.66055932,4147.478581216909
n,115.2224317,225.7014925,106.5671642,472.641791,13.5561997,1361.770703066852
n,131.787703,237.7037037,110.3333333,722.1666667,23.79729786,494.8288936721805
n,127.53125,200.25,82.75,374.5,20.19746271,1430.082440574054
n,128.1815224,244.6804124,140.2371134,414.6082474,23.70457546,3235.600064068437
n,125.4286511,279.0701754,189.1666667,334.254386,8.140317793,3311.8884834349137
n,125.1016949,245.0666667,116.9333333,681.8,17.28377531,1113.7513106831473
n,129.424,180.75,86,218.5,12.03624085,671.7688797156995
n,128.0407524,237.85,185.35,275.2,20.48072264,11361.169974072442
n,119.9715909,204.8181818,98,482.4545455,41.87723104,972.3011626545974
n,133.5453461,234.8113208,133.4716981,548.7169811,22.5446829,2042.0261134619193
n,129.7637162,217.9770115,129.7931034,228.8505747,19.94400273,1446.72387061085
n,123.5543478,202.826087,106.3913043,364.5652174,17.31406762,1042.1111372815437
n,121.5490279,276.22,175.5933333,402.62,13.39457436,883.0405090983287
n,119.0766871,247.9512195,113.3658537,808.0243902,24.83005893,2023.5055496669872
n,107.9444444,197,90,451,8.2148874,1469.0585706708168
n,119.7319277,182.2380952,74.28571429,301.6904762,22.94427836,1905.9956867755534
